0.500025
0 0 0 0 0 0 0 0 0 0 0 0 0 0 0 0 0 0 0 0 0 0 0 0 0 0 0 0 0 0 0 0 0 0 0 0 0 0 0 0 0 0 0 0 0 0 0 0 0 0 0 0 0 0 0 0 0 0 0 0 0 0 0 0 0 0 0 0 0 0 0 0 0 0 0 0 0 0 0 0 0 0 0 0 0 0 0 0 0 0 0 0 0 0 0 0 0 0 0 0 0  
0 5.0924e-08 1.01798e-07 1.52571e-07 2.03194e-07 2.53616e-07 3.03788e-07 3.5366e-07 4.03183e-07 4.52308e-07 5.00987e-07 5.49171e-07 5.96814e-07 6.43867e-07 6.90285e-07 7.36022e-07 7.81033e-07 8.25272e-07 8.68697e-07 9.11265e-07 9.52934e-07 9.93662e-07 1.03341e-06 1.07214e-06 1.10981e-06 1.14638e-06 1.18182e-06 1.2161e-06 1.24918e-06 1.28102e-06 1.3116e-06 1.34089e-06 1.36885e-06 1.39546e-06 1.42069e-06 1.44452e-06 1.46693e-06 1.48789e-06 1.50738e-06 1.52538e-06 1.54188e-06 1.55686e-06 1.57029e-06 1.58218e-06 1.59251e-06 1.60127e-06 1.60844e-06 1.61403e-06 1.61803e-06 1.62043e-06 1.62123e-06 1.62043e-06 1.61803e-06 1.61403e-06 1.60844e-06 1.60127e-06 1.59251e-06 1.58218e-06 1.57029e-06 1.55686e-06 1.54188e-06 1.52538e-06 1.50738e-06 1.48789e-06 1.46693e-06 1.44452e-06 1.42069e-06 1.39546e-06 1.36885e-06 1.34089e-06 1.3116e-06 1.28102e-06 1.24918e-06 1.2161e-06 1.18182e-06 1.14638e-06 1.10981e-06 1.07214e-06 1.03341e-06 9.93662e-07 9.52934e-07 9.11265e-07 8.68697e-07 8.25272e-07 7.81033e-07 7.36022e-07 6.90285e-07 6.43867e-07 5.96814e-07 5.49171e-07 5.00987e-07 4.52308e-07 4.03183e-07 3.5366e-07 3.03788e-07 2.53616e-07 2.03194e-07 1.52571e-07 1.01798e-07 5.0924e-08 0  
0 1.01798e-07 2.03495e-07 3.04991e-07 4.06187e-07 5.06982e-07 6.07276e-07 7.06971e-07 8.05968e-07 9.0417e-07 1.00148e-06 1.0978e-06 1.19304e-06 1.2871e-06 1.37989e-06 1.47132e-06 1.56129e-06 1.64973e-06 1.73654e-06 1.82163e-06 1.90493e-06 1.98634e-06 2.0658e-06 2.14322e-06 2.21852e-06 2.29163e-06 2.36248e-06 2.431e-06 2.49712e-06 2.56078e-06 2.62191e-06 2.68045e-06 2.73635e-06 2.78954e-06 2.83998e-06 2.88762e-06 2.93241e-06 2.97431e-06 3.01327e-06 3.04926e-06 3.08224e-06 3.11217e-06 3.13904e-06 3.16281e-06 3.18345e-06 3.20096e-06 3.2153e-06 3.22647e-06 3.23446e-06 3.23926e-06 3.24086e-06 3.23926e-06 3.23446e-06 3.22647e-06 3.2153e-06 3.20096e-06 3.18345e-06 3.16281e-06 3.13904e-06 3.11217e-06 3.08224e-06 3.04926e-06 3.01327e-06 2.97431e-06 2.93241e-06 2.88762e-06 2.83998e-06 2.78954e-06 2.73635e-06 2.68045e-06 2.62191e-06 2.56078e-06 2.49712e-06 2.431e-06 2.36248e-06 2.29163e-06 2.21852e-06 2.14322e-06 2.0658e-06 1.98634e-06 1.90493e-06 1.82163e-06 1.73654e-06 1.64973e-06 1.56129e-06 1.47132e-06 1.37989e-06 1.2871e-06 1.19304e-06 1.0978e-06 1.00148e-06 9.0417e-07 8.05968e-07 7.06971e-07 6.07276e-07 5.06982e-07 4.06187e-07 3.04991e-07 2.03495e-07 1.01798e-07 0  
0 1.52571e-07 3.04991e-07 4.57111e-07 6.08779e-07 7.59847e-07 9.10165e-07 1.05958e-06 1.20796e-06 1.35514e-06 1.50098e-06 1.64535e-06 1.78809e-06 1.92906e-06 2.06813e-06 2.20516e-06 2.34002e-06 2.47256e-06 2.60266e-06 2.7302e-06 2.85504e-06 2.97706e-06 3.09615e-06 3.21218e-06 3.32504e-06 3.43462e-06 3.54081e-06 3.6435e-06 3.7426e-06 3.83801e-06 3.92963e-06 4.01737e-06 4.10114e-06 4.18087e-06 4.25647e-06 4.32787e-06 4.395e-06 4.4578e-06 4.51619e-06 4.57013e-06 4.61955e-06 4.66442e-06 4.70469e-06 4.74031e-06 4.77125e-06 4.79748e-06 4.81898e-06 4.83573e-06 4.8477e-06 4.85489e-06 4.85729e-06 4.85489e-06 4.8477e-06 4.83573e-06 4.81898e-06 4.79748e-06 4.77125e-06 4.74031e-06 4.70469e-06 4.66442e-06 4.61955e-06 4.57013e-06 4.51619e-06 4.4578e-06 4.395e-06 4.32787e-06 4.25647e-06 4.18087e-06 4.10114e-06 4.01737e-06 3.92963e-06 3.83801e-06 3.7426e-06 3.6435e-06 3.54081e-06 3.43462e-06 3.32504e-06 3.21218e-06 3.09615e-06 2.97706e-06 2.85504e-06 2.7302e-06 2.60266e-06 2.47256e-06 2.34002e-06 2.20516e-06 2.06813e-06 1.92906e-06 1.78809e-06 1.64535e-06 1.50098e-06 1.35514e-06 1.20796e-06 1.05958e-06 9.10165e-07 7.59847e-07 6.08779e-07 4.57111e-07 3.04991e-07 1.52571e-07 0  
0 2.03194e-07 4.06187e-07 6.08779e-07 8.10771e-07 1.01196e-06 1.21216e-06 1.41115e-06 1.60876e-06 1.80477e-06 1.99901e-06 2.19127e-06 2.38137e-06 2.56912e-06 2.75433e-06 2.93683e-06 3.11643e-06 3.29295e-06 3.46622e-06 3.63607e-06 3.80234e-06 3.96485e-06 4.12345e-06 4.27797e-06 4.42828e-06 4.57422e-06 4.71564e-06 4.85241e-06 4.98439e-06 5.11145e-06 5.23347e-06 5.35032e-06 5.46189e-06 5.56807e-06 5.66876e-06 5.76385e-06 5.85326e-06 5.93688e-06 6.01465e-06 6.08648e-06 6.15231e-06 6.21206e-06 6.26569e-06 6.31313e-06 6.35434e-06 6.38928e-06 6.41791e-06 6.44021e-06 6.45616e-06 6.46573e-06 6.46892e-06 6.46573e-06 6.45616e-06 6.44021e-06 6.41791e-06 6.38928e-06 6.35434e-06 6.31313e-06 6.26569e-06 6.21206e-06 6.15231e-06 6.08648e-06 6.01465e-06 5.93688e-06 5.85326e-06 5.76385e-06 5.66876e-06 5.56807e-06 5.46189e-06 5.35032e-06 5.23347e-06 5.11145e-06 4.98439e-06 4.85241e-06 4.71564e-06 4.57422e-06 4.42828e-06 4.27797e-06 4.12345e-06 3.96485e-06 3.80234e-06 3.63607e-06 3.46622e-06 3.29295e-06 3.11643e-06 2.93683e-06 2.75433e-06 2.56912e-06 2.38137e-06 2.19127e-06 1.99901e-06 1.80477e-06 1.60876e-06 1.41115e-06 1.21216e-06 1.01196e-06 8.10771e-07 6.08779e-07 4.06187e-07 2.03194e-07 0  
0 2.53616e-07 5.06982e-07 7.59847e-07 1.01196e-06 1.26308e-06 1.51295e-06 1.76133e-06 2.00797e-06 2.25262e-06 2.49506e-06 2.73503e-06 2.9723e-06 3.20664e-06 3.43782e-06 3.6656e-06 3.88976e-06 4.11009e-06 4.32636e-06 4.53836e-06 4.74588e-06 4.94872e-06 5.14667e-06 5.33955e-06 5.52715e-06 5.7093e-06 5.88582e-06 6.05653e-06 6.22126e-06 6.37985e-06 6.53214e-06 6.67799e-06 6.81725e-06 6.94978e-06 7.07545e-06 7.19414e-06 7.30573e-06 7.41011e-06 7.50718e-06 7.59684e-06 7.679e-06 7.75358e-06 7.82051e-06 7.87972e-06 7.93116e-06 7.97477e-06 8.01051e-06 8.03834e-06 8.05824e-06 8.07019e-06 8.07417e-06 8.07019e-06 8.05824e-06 8.03834e-06 8.01051e-06 7.97477e-06 7.93116e-06 7.87972e-06 7.82051e-06 7.75358e-06 7.679e-06 7.59684e-06 7.50718e-06 7.41011e-06 7.30573e-06 7.19414e-06 7.07545e-06 6.94978e-06 6.81725e-06 6.67799e-06 6.53214e-06 6.37985e-06 6.22126e-06 6.05653e-06 5.88582e-06 5.7093e-06 5.52715e-06 5.33955e-06 5.14667e-06 4.94872e-06 4.74588e-06 4.53836e-06 4.32636e-06 4.11009e-06 3.88976e-06 3.6656e-06 3.43782e-06 3.20664e-06 2.9723e-06 2.73503e-06 2.49506e-06 2.25262e-06 2.00797e-06 1.76133e-06 1.51295e-06 1.26308e-06 1.01196e-06 7.59847e-07 5.06982e-07 2.53616e-07 0  
0 3.03788e-07 6.07276e-07 9.10165e-07 1.21216e-06 1.51295e-06 1.81225e-06 2.10976e-06 2.40519e-06 2.69825e-06 2.98864e-06 3.27609e-06 3.5603e-06 3.841e-06 4.11791e-06 4.39075e-06 4.65926e-06 4.92317e-06 5.18223e-06 5.43617e-06 5.68474e-06 5.9277e-06 6.16482e-06 6.39585e-06 6.62057e-06 6.83875e-06 7.05019e-06 7.25467e-06 7.45199e-06 7.64195e-06 7.82437e-06 7.99907e-06 8.16588e-06 8.32463e-06 8.47516e-06 8.61733e-06 8.751e-06 8.87603e-06 8.99229e-06 9.09969e-06 9.1981e-06 9.28744e-06 9.36761e-06 9.43854e-06 9.50015e-06 9.55239e-06 9.5952e-06 9.62854e-06 9.65237e-06 9.66669e-06 9.67146e-06 9.66669e-06 9.65237e-06 9.62854e-06 9.5952e-06 9.55239e-06 9.50015e-06 9.43854e-06 9.36761e-06 9.28744e-06 9.1981e-06 9.09969e-06 8.99229e-06 8.87603e-06 8.751e-06 8.61733e-06 8.47516e-06 8.32463e-06 8.16588e-06 7.99907e-06 7.82437e-06 7.64195e-06 7.45199e-06 7.25467e-06 7.05019e-06 6.83875e-06 6.62057e-06 6.39585e-06 6.16482e-06 5.9277e-06 5.68474e-06 5.43617e-06 5.18223e-06 4.92317e-06 4.65926e-06 4.39075e-06 4.11791e-06 3.841e-06 3.5603e-06 3.27609e-06 2.98864e-06 2.69825e-06 2.40519e-06 2.10976e-06 1.81225e-06 1.51295e-06 1.21216e-06 9.10165e-07 6.07276e-07 3.03788e-07 0  
0 3.5366e-07 7.06971e-07 1.05958e-06 1.41115e-06 1.76133e-06 2.10976e-06 2.45612e-06 2.80005e-06 3.14122e-06 3.47928e-06 3.81392e-06 4.14479e-06 4.47157e-06 4.79393e-06 5.11157e-06 5.42416e-06 5.7314e-06 6.03298e-06 6.32861e-06 6.61799e-06 6.90084e-06 7.17688e-06 7.44584e-06 7.70745e-06 7.96145e-06 8.2076e-06 8.44565e-06 8.67536e-06 8.89651e-06 9.10888e-06 9.31226e-06 9.50645e-06 9.69126e-06 9.86651e-06 1.0032e-05 1.01876e-05 1.03332e-05 1.04685e-05 1.05936e-05 1.07081e-05 1.08121e-05 1.09055e-05 1.0988e-05 1.10598e-05 1.11206e-05 1.11704e-05 1.12092e-05 1.1237e-05 1.12536e-05 1.12592e-05 1.12536e-05 1.1237e-05 1.12092e-05 1.11704e-05 1.11206e-05 1.10598e-05 1.0988e-05 1.09055e-05 1.08121e-05 1.07081e-05 1.05936e-05 1.04685e-05 1.03332e-05 1.01876e-05 1.0032e-05 9.86651e-06 9.69126e-06 9.50645e-06 9.31226e-06 9.10888e-06 8.89651e-06 8.67536e-06 8.44565e-06 8.2076e-06 7.96145e-06 7.70745e-06 7.44584e-06 7.17688e-06 6.90084e-06 6.61799e-06 6.32861e-06 6.03298e-06 5.7314e-06 5.42416e-06 5.11157e-06 4.79393e-06 4.47157e-06 4.14479e-06 3.81392e-06 3.47928e-06 3.14122e-06 2.80005e-06 2.45612e-06 2.10976e-06 1.76133e-06 1.41115e-06 1.05958e-06 7.06971e-07 3.5366e-07 0  
0 4.03183e-07 8.05968e-07 1.20796e-06 1.60876e-06 2.00797e-06 2.40519e-06 2.80005e-06 3.19214e-06 3.58108e-06 3.96649e-06 4.34798e-06 4.72518e-06 5.09772e-06 5.46523e-06 5.82734e-06 6.18371e-06 6.53397e-06 6.87778e-06 7.2148e-06 7.54471e-06 7.86717e-06 8.18186e-06 8.48848e-06 8.78673e-06 9.0763e-06 9.35691e-06 9.62829e-06 9.89017e-06 1.01423e-05 1.03844e-05 1.06163e-05 1.08376e-05 1.10483e-05 1.12481e-05 1.14368e-05 1.16142e-05 1.17801e-05 1.19344e-05 1.2077e-05 1.22076e-05 1.23262e-05 1.24326e-05 1.25267e-05 1.26085e-05 1.26778e-05 1.27346e-05 1.27789e-05 1.28105e-05 1.28295e-05 1.28358e-05 1.28295e-05 1.28105e-05 1.27789e-05 1.27346e-05 1.26778e-05 1.26085e-05 1.25267e-05 1.24326e-05 1.23262e-05 1.22076e-05 1.2077e-05 1.19344e-05 1.17801e-05 1.16142e-05 1.14368e-05 1.12481e-05 1.10483e-05 1.08376e-05 1.06163e-05 1.03844e-05 1.01423e-05 9.89017e-06 9.62829e-06 9.35691e-06 9.0763e-06 8.78673e-06 8.48848e-06 8.18186e-06 7.86717e-06 7.54471e-06 7.2148e-06 6.87778e-06 6.53397e-06 6.18371e-06 5.82734e-06 5.46523e-06 5.09772e-06 4.72518e-06 4.34798e-06 3.96649e-06 3.58108e-06 3.19214e-06 2.80005e-06 2.40519e-06 2.00797e-06 1.60876e-06 1.20796e-06 8.05968e-07 4.03183e-07 0  
0 4.52308e-07 9.0417e-07 1.35514e-06 1.80477e-06 2.25262e-06 2.69825e-06 3.14122e-06 3.58108e-06 4.01741e-06 4.44978e-06 4.87775e-06 5.30091e-06 5.71884e-06 6.13113e-06 6.53737e-06 6.93715e-06 7.33009e-06 7.71579e-06 8.09388e-06 8.46398e-06 8.82573e-06 9.17877e-06 9.52275e-06 9.85733e-06 1.01822e-05 1.0497e-05 1.08014e-05 1.10952e-05 1.13781e-05 1.16497e-05 1.19098e-05 1.21581e-05 1.23945e-05 1.26186e-05 1.28303e-05 1.30293e-05 1.32155e-05 1.33886e-05 1.35485e-05 1.3695e-05 1.3828e-05 1.39474e-05 1.4053e-05 1.41447e-05 1.42225e-05 1.42862e-05 1.43359e-05 1.43714e-05 1.43927e-05 1.43998e-05 1.43927e-05 1.43714e-05 1.43359e-05 1.42862e-05 1.42225e-05 1.41447e-05 1.4053e-05 1.39474e-05 1.3828e-05 1.3695e-05 1.35485e-05 1.33886e-05 1.32155e-05 1.30293e-05 1.28303e-05 1.26186e-05 1.23945e-05 1.21581e-05 1.19098e-05 1.16497e-05 1.13781e-05 1.10952e-05 1.08014e-05 1.0497e-05 1.01822e-05 9.85733e-06 9.52275e-06 9.17877e-06 8.82573e-06 8.46398e-06 8.09388e-06 7.71579e-06 7.33009e-06 6.93715e-06 6.53737e-06 6.13113e-06 5.71884e-06 5.30091e-06 4.87775e-06 4.44978e-06 4.01741e-06 3.58108e-06 3.14122e-06 2.69825e-06 2.25262e-06 1.80477e-06 1.35514e-06 9.0417e-07 4.52308e-07 0  
0 5.00987e-07 1.00148e-06 1.50098e-06 1.99901e-06 2.49506e-06 2.98864e-06 3.47928e-06 3.96649e-06 4.44978e-06 4.92868e-06 5.40271e-06 5.87142e-06 6.33432e-06 6.79098e-06 7.24094e-06 7.68375e-06 8.11897e-06 8.54619e-06 8.96497e-06 9.3749e-06 9.77558e-06 1.01666e-05 1.05476e-05 1.09182e-05 1.1278e-05 1.16267e-05 1.19639e-05 1.22893e-05 1.26026e-05 1.29034e-05 1.31916e-05 1.34666e-05 1.37284e-05 1.39767e-05 1.42111e-05 1.44316e-05 1.46378e-05 1.48295e-05 1.50066e-05 1.51689e-05 1.53162e-05 1.54485e-05 1.55654e-05 1.5667e-05 1.57532e-05 1.58238e-05 1.58788e-05 1.59181e-05 1.59417e-05 1.59495e-05 1.59417e-05 1.59181e-05 1.58788e-05 1.58238e-05 1.57532e-05 1.5667e-05 1.55654e-05 1.54485e-05 1.53162e-05 1.51689e-05 1.50066e-05 1.48295e-05 1.46378e-05 1.44316e-05 1.42111e-05 1.39767e-05 1.37284e-05 1.34666e-05 1.31916e-05 1.29034e-05 1.26026e-05 1.22893e-05 1.19639e-05 1.16267e-05 1.1278e-05 1.09182e-05 1.05476e-05 1.01666e-05 9.77558e-06 9.3749e-06 8.96497e-06 8.54619e-06 8.11897e-06 7.68375e-06 7.24094e-06 6.79098e-06 6.33432e-06 5.87142e-06 5.40271e-06 4.92868e-06 4.44978e-06 3.96649e-06 3.47928e-06 2.98864e-06 2.49506e-06 1.99901e-06 1.50098e-06 1.00148e-06 5.00987e-07 0  
0 5.49171e-07 1.0978e-06 1.64535e-06 2.19127e-06 2.73503e-06 3.27609e-06 3.81392e-06 4.34798e-06 4.87775e-06 5.40271e-06 5.92234e-06 6.43612e-06 6.94355e-06 7.44413e-06 7.93736e-06 8.42276e-06 8.89985e-06 9.36815e-06 9.82721e-06 1.02766e-05 1.07158e-05 1.11444e-05 1.15621e-05 1.19683e-05 1.23627e-05 1.2745e-05 1.31146e-05 1.34713e-05 1.38147e-05 1.41445e-05 1.44603e-05 1.47618e-05 1.50488e-05 1.53209e-05 1.5578e-05 1.58196e-05 1.60456e-05 1.62558e-05 1.64499e-05 1.66278e-05 1.67893e-05 1.69343e-05 1.70625e-05 1.71739e-05 1.72683e-05 1.73457e-05 1.7406e-05 1.7449e-05 1.74749e-05 1.74835e-05 1.74749e-05 1.7449e-05 1.7406e-05 1.73457e-05 1.72683e-05 1.71739e-05 1.70625e-05 1.69343e-05 1.67893e-05 1.66278e-05 1.64499e-05 1.62558e-05 1.60456e-05 1.58196e-05 1.5578e-05 1.53209e-05 1.50488e-05 1.47618e-05 1.44603e-05 1.41445e-05 1.38147e-05 1.34713e-05 1.31146e-05 1.2745e-05 1.23627e-05 1.19683e-05 1.15621e-05 1.11444e-05 1.07158e-05 1.02766e-05 9.82721e-06 9.36815e-06 8.89985e-06 8.42276e-06 7.93736e-06 7.44413e-06 6.94355e-06 6.43612e-06 5.92234e-06 5.40271e-06 4.87775e-06 4.34798e-06 3.81392e-06 3.27609e-06 2.73503e-06 2.19127e-06 1.64535e-06 1.0978e-06 5.49171e-07 0  
0 5.96814e-07 1.19304e-06 1.78809e-06 2.38137e-06 2.9723e-06 3.5603e-06 4.14479e-06 4.72518e-06 5.30091e-06 5.87142e-06 6.43612e-06 6.99448e-06 7.54593e-06 8.08993e-06 8.62596e-06 9.15346e-06 9.67194e-06 1.01809e-05 1.06798e-05 1.11681e-05 1.16454e-05 1.21112e-05 1.25651e-05 1.30066e-05 1.34352e-05 1.38506e-05 1.42523e-05 1.464e-05 1.50132e-05 1.53716e-05 1.57148e-05 1.60425e-05 1.63544e-05 1.66501e-05 1.69294e-05 1.7192e-05 1.74376e-05 1.7666e-05 1.7877e-05 1.80704e-05 1.82459e-05 1.84034e-05 1.85427e-05 1.86638e-05 1.87664e-05 1.88505e-05 1.8916e-05 1.89628e-05 1.89909e-05 1.90003e-05 1.89909e-05 1.89628e-05 1.8916e-05 1.88505e-05 1.87664e-05 1.86638e-05 1.85427e-05 1.84034e-05 1.82459e-05 1.80704e-05 1.7877e-05 1.7666e-05 1.74376e-05 1.7192e-05 1.69294e-05 1.66501e-05 1.63544e-05 1.60425e-05 1.57148e-05 1.53716e-05 1.50132e-05 1.464e-05 1.42523e-05 1.38506e-05 1.34352e-05 1.30066e-05 1.25651e-05 1.21112e-05 1.16454e-05 1.11681e-05 1.06798e-05 1.01809e-05 9.67194e-06 9.15346e-06 8.62596e-06 8.08993e-06 7.54593e-06 6.99448e-06 6.43612e-06 5.87142e-06 5.30091e-06 4.72518e-06 4.14479e-06 3.5603e-06 2.9723e-06 2.38137e-06 1.78809e-06 1.19304e-06 5.96814e-07 0  
0 6.43867e-07 1.2871e-06 1.92906e-06 2.56912e-06 3.20664e-06 3.841e-06 4.47157e-06 5.09772e-06 5.71884e-06 6.33432e-06 6.94355e-06 7.54593e-06 8.14086e-06 8.72775e-06 9.30604e-06 9.87513e-06 1.04345e-05 1.09835e-05 1.15218e-05 1.20486e-05 1.25636e-05 1.30661e-05 1.35558e-05 1.40321e-05 1.44945e-05 1.49426e-05 1.5376e-05 1.57942e-05 1.61968e-05 1.65835e-05 1.69537e-05 1.73073e-05 1.76438e-05 1.79628e-05 1.82641e-05 1.85474e-05 1.88124e-05 1.90588e-05 1.92865e-05 1.9495e-05 1.96844e-05 1.98543e-05 2.00046e-05 2.01352e-05 2.02459e-05 2.03367e-05 2.04073e-05 2.04579e-05 2.04882e-05 2.04983e-05 2.04882e-05 2.04579e-05 2.04073e-05 2.03367e-05 2.02459e-05 2.01352e-05 2.00046e-05 1.98543e-05 1.96844e-05 1.9495e-05 1.92865e-05 1.90588e-05 1.88124e-05 1.85474e-05 1.82641e-05 1.79628e-05 1.76438e-05 1.73073e-05 1.69537e-05 1.65835e-05 1.61968e-05 1.57942e-05 1.5376e-05 1.49426e-05 1.44945e-05 1.40321e-05 1.35558e-05 1.30661e-05 1.25636e-05 1.20486e-05 1.15218e-05 1.09835e-05 1.04345e-05 9.87513e-06 9.30604e-06 8.72775e-06 8.14086e-06 7.54593e-06 6.94355e-06 6.33432e-06 5.71884e-06 5.09772e-06 4.47157e-06 3.841e-06 3.20664e-06 2.56912e-06 1.92906e-06 1.2871e-06 6.43867e-07 0  
0 6.90285e-07 1.37989e-06 2.06813e-06 2.75433e-06 3.43782e-06 4.11791e-06 4.79393e-06 5.46523e-06 6.13113e-06 6.79098e-06 7.44413e-06 8.08993e-06 8.72775e-06 9.35696e-06 9.97693e-06 1.05871e-05 1.11867e-05 1.17754e-05 1.23524e-05 1.29172e-05 1.34693e-05 1.40081e-05 1.4533e-05 1.50437e-05 1.55394e-05 1.60199e-05 1.64845e-05 1.69329e-05 1.73645e-05 1.7779e-05 1.8176e-05 1.8555e-05 1.89157e-05 1.92578e-05 1.95808e-05 1.98846e-05 2.01686e-05 2.04328e-05 2.06769e-05 2.09005e-05 2.11035e-05 2.12857e-05 2.14468e-05 2.15868e-05 2.17055e-05 2.18028e-05 2.18785e-05 2.19327e-05 2.19652e-05 2.19761e-05 2.19652e-05 2.19327e-05 2.18785e-05 2.18028e-05 2.17055e-05 2.15868e-05 2.14468e-05 2.12857e-05 2.11035e-05 2.09005e-05 2.06769e-05 2.04328e-05 2.01686e-05 1.98846e-05 1.95808e-05 1.92578e-05 1.89157e-05 1.8555e-05 1.8176e-05 1.7779e-05 1.73645e-05 1.69329e-05 1.64845e-05 1.60199e-05 1.55394e-05 1.50437e-05 1.4533e-05 1.40081e-05 1.34693e-05 1.29172e-05 1.23524e-05 1.17754e-05 1.11867e-05 1.05871e-05 9.97693e-06 9.35696e-06 8.72775e-06 8.08993e-06 7.44413e-06 6.79098e-06 6.13113e-06 5.46523e-06 4.79393e-06 4.11791e-06 3.43782e-06 2.75433e-06 2.06813e-06 1.37989e-06 6.90285e-07 0  
0 7.36022e-07 1.47132e-06 2.20516e-06 2.93683e-06 3.6656e-06 4.39075e-06 5.11157e-06 5.82734e-06 6.53737e-06 7.24094e-06 7.93736e-06 8.62596e-06 9.30604e-06 9.97693e-06 1.0638e-05 1.12885e-05 1.19279e-05 1.25556e-05 1.31708e-05 1.37731e-05 1.43617e-05 1.49362e-05 1.5496e-05 1.60404e-05 1.6569e-05 1.70813e-05 1.75767e-05 1.80548e-05 1.8515e-05 1.8957e-05 1.93803e-05 1.97844e-05 2.0169e-05 2.05338e-05 2.08782e-05 2.12021e-05 2.1505e-05 2.17867e-05 2.20469e-05 2.22853e-05 2.25018e-05 2.2696e-05 2.28678e-05 2.30171e-05 2.31437e-05 2.32474e-05 2.33282e-05 2.33859e-05 2.34206e-05 2.34322e-05 2.34206e-05 2.33859e-05 2.33282e-05 2.32474e-05 2.31437e-05 2.30171e-05 2.28678e-05 2.2696e-05 2.25018e-05 2.22853e-05 2.20469e-05 2.17867e-05 2.1505e-05 2.12021e-05 2.08782e-05 2.05338e-05 2.0169e-05 1.97844e-05 1.93803e-05 1.8957e-05 1.8515e-05 1.80548e-05 1.75767e-05 1.70813e-05 1.6569e-05 1.60404e-05 1.5496e-05 1.49362e-05 1.43617e-05 1.37731e-05 1.31708e-05 1.25556e-05 1.19279e-05 1.12885e-05 1.0638e-05 9.97693e-06 9.30604e-06 8.62596e-06 7.93736e-06 7.24094e-06 6.53737e-06 5.82734e-06 5.11157e-06 4.39075e-06 3.6656e-06 2.93683e-06 2.20516e-06 1.47132e-06 7.36022e-07 0  
0 7.81033e-07 1.56129e-06 2.34002e-06 3.11643e-06 3.88976e-06 4.65926e-06 5.42416e-06 6.18371e-06 6.93715e-06 7.68375e-06 8.42276e-06 9.15346e-06 9.87513e-06 1.05871e-05 1.12885e-05 1.19789e-05 1.26574e-05 1.33234e-05 1.39763e-05 1.46154e-05 1.524e-05 1.58496e-05 1.64436e-05 1.70214e-05 1.75823e-05 1.81259e-05 1.86516e-05 1.91589e-05 1.96473e-05 2.01163e-05 2.05655e-05 2.09943e-05 2.14025e-05 2.17895e-05 2.2155e-05 2.24986e-05 2.28201e-05 2.3119e-05 2.33951e-05 2.36481e-05 2.38778e-05 2.40839e-05 2.42663e-05 2.44247e-05 2.4559e-05 2.46691e-05 2.47548e-05 2.48161e-05 2.48529e-05 2.48651e-05 2.48529e-05 2.48161e-05 2.47548e-05 2.46691e-05 2.4559e-05 2.44247e-05 2.42663e-05 2.40839e-05 2.38778e-05 2.36481e-05 2.33951e-05 2.3119e-05 2.28201e-05 2.24986e-05 2.2155e-05 2.17895e-05 2.14025e-05 2.09943e-05 2.05655e-05 2.01163e-05 1.96473e-05 1.91589e-05 1.86516e-05 1.81259e-05 1.75823e-05 1.70214e-05 1.64436e-05 1.58496e-05 1.524e-05 1.46154e-05 1.39763e-05 1.33234e-05 1.26574e-05 1.19789e-05 1.12885e-05 1.05871e-05 9.87513e-06 9.15346e-06 8.42276e-06 7.68375e-06 6.93715e-06 6.18371e-06 5.42416e-06 4.65926e-06 3.88976e-06 3.11643e-06 2.34002e-06 1.56129e-06 7.81033e-07 0  
0 8.25272e-07 1.64973e-06 2.47256e-06 3.29295e-06 4.11009e-06 4.92317e-06 5.7314e-06 6.53397e-06 7.33009e-06 8.11897e-06 8.89985e-06 9.67194e-06 1.04345e-05 1.11867e-05 1.19279e-05 1.26574e-05 1.33743e-05 1.40781e-05 1.47679e-05 1.54432e-05 1.61032e-05 1.67474e-05 1.7375e-05 1.79855e-05 1.85782e-05 1.91526e-05 1.97081e-05 2.02441e-05 2.07602e-05 2.12557e-05 2.17303e-05 2.21835e-05 2.26147e-05 2.30237e-05 2.34099e-05 2.3773e-05 2.41127e-05 2.44285e-05 2.47203e-05 2.49876e-05 2.52303e-05 2.54481e-05 2.56408e-05 2.58082e-05 2.59501e-05 2.60664e-05 2.61569e-05 2.62217e-05 2.62606e-05 2.62736e-05 2.62606e-05 2.62217e-05 2.61569e-05 2.60664e-05 2.59501e-05 2.58082e-05 2.56408e-05 2.54481e-05 2.52303e-05 2.49876e-05 2.47203e-05 2.44285e-05 2.41127e-05 2.3773e-05 2.34099e-05 2.30237e-05 2.26147e-05 2.21835e-05 2.17303e-05 2.12557e-05 2.07602e-05 2.02441e-05 1.97081e-05 1.91526e-05 1.85782e-05 1.79855e-05 1.7375e-05 1.67474e-05 1.61032e-05 1.54432e-05 1.47679e-05 1.40781e-05 1.33743e-05 1.26574e-05 1.19279e-05 1.11867e-05 1.04345e-05 9.67194e-06 8.89985e-06 8.11897e-06 7.33009e-06 6.53397e-06 5.7314e-06 4.92317e-06 4.11009e-06 3.29295e-06 2.47256e-06 1.64973e-06 8.25272e-07 0  
0 8.68697e-07 1.73654e-06 2.60266e-06 3.46622e-06 4.32636e-06 5.18223e-06 6.03298e-06 6.87778e-06 7.71579e-06 8.54619e-06 9.36815e-06 1.01809e-05 1.09835e-05 1.17754e-05 1.25556e-05 1.33234e-05 1.40781e-05 1.48189e-05 1.5545e-05 1.62558e-05 1.69506e-05 1.76286e-05 1.82893e-05 1.89319e-05 1.95558e-05 2.01604e-05 2.07451e-05 2.13093e-05 2.18526e-05 2.23742e-05 2.28738e-05 2.33508e-05 2.38047e-05 2.42352e-05 2.46417e-05 2.50239e-05 2.53815e-05 2.57139e-05 2.6021e-05 2.63025e-05 2.65579e-05 2.67872e-05 2.699e-05 2.71662e-05 2.73156e-05 2.7438e-05 2.75333e-05 2.76015e-05 2.76424e-05 2.7656e-05 2.76424e-05 2.76015e-05 2.75333e-05 2.7438e-05 2.73156e-05 2.71662e-05 2.699e-05 2.67872e-05 2.65579e-05 2.63025e-05 2.6021e-05 2.57139e-05 2.53815e-05 2.50239e-05 2.46417e-05 2.42352e-05 2.38047e-05 2.33508e-05 2.28738e-05 2.23742e-05 2.18526e-05 2.13093e-05 2.07451e-05 2.01604e-05 1.95558e-05 1.89319e-05 1.82893e-05 1.76286e-05 1.69506e-05 1.62558e-05 1.5545e-05 1.48189e-05 1.40781e-05 1.33234e-05 1.25556e-05 1.17754e-05 1.09835e-05 1.01809e-05 9.36815e-06 8.54619e-06 7.71579e-06 6.87778e-06 6.03298e-06 5.18223e-06 4.32636e-06 3.46622e-06 2.60266e-06 1.73654e-06 8.68697e-07 0  
0 9.11265e-07 1.82163e-06 2.7302e-06 3.63607e-06 4.53836e-06 5.43617e-06 6.32861e-06 7.2148e-06 8.09388e-06 8.96497e-06 9.82721e-06 1.06798e-05 1.15218e-05 1.23524e-05 1.31708e-05 1.39763e-05 1.47679e-05 1.5545e-05 1.63067e-05 1.70524e-05 1.77812e-05 1.84925e-05 1.91855e-05 1.98596e-05 2.0514e-05 2.11483e-05 2.17617e-05 2.23536e-05 2.29234e-05 2.34706e-05 2.39946e-05 2.4495e-05 2.49712e-05 2.54228e-05 2.58492e-05 2.62502e-05 2.66252e-05 2.6974e-05 2.72961e-05 2.75913e-05 2.78593e-05 2.80998e-05 2.83126e-05 2.84974e-05 2.86541e-05 2.87825e-05 2.88825e-05 2.8954e-05 2.89969e-05 2.90112e-05 2.89969e-05 2.8954e-05 2.88825e-05 2.87825e-05 2.86541e-05 2.84974e-05 2.83126e-05 2.80998e-05 2.78593e-05 2.75913e-05 2.72961e-05 2.6974e-05 2.66252e-05 2.62502e-05 2.58492e-05 2.54228e-05 2.49712e-05 2.4495e-05 2.39946e-05 2.34706e-05 2.29234e-05 2.23536e-05 2.17617e-05 2.11483e-05 2.0514e-05 1.98596e-05 1.91855e-05 1.84925e-05 1.77812e-05 1.70524e-05 1.63067e-05 1.5545e-05 1.47679e-05 1.39763e-05 1.31708e-05 1.23524e-05 1.15218e-05 1.06798e-05 9.82721e-06 8.96497e-06 8.09388e-06 7.2148e-06 6.32861e-06 5.43617e-06 4.53836e-06 3.63607e-06 2.7302e-06 1.82163e-06 9.11265e-07 0  
0 9.52934e-07 1.90493e-06 2.85504e-06 3.80234e-06 4.74588e-06 5.68474e-06 6.61799e-06 7.54471e-06 8.46398e-06 9.3749e-06 1.02766e-05 1.11681e-05 1.20486e-05 1.29172e-05 1.37731e-05 1.46154e-05 1.54432e-05 1.62558e-05 1.70524e-05 1.78321e-05 1.85943e-05 1.93381e-05 2.00628e-05 2.07677e-05 2.14521e-05 2.21153e-05 2.27567e-05 2.33757e-05 2.39716e-05 2.45438e-05 2.50918e-05 2.56151e-05 2.6113e-05 2.65852e-05 2.70312e-05 2.74505e-05 2.78427e-05 2.82074e-05 2.85443e-05 2.8853e-05 2.91332e-05 2.93847e-05 2.96072e-05 2.98005e-05 2.99643e-05 3.00986e-05 3.02032e-05 3.0278e-05 3.03228e-05 3.03378e-05 3.03228e-05 3.0278e-05 3.02032e-05 3.00986e-05 2.99643e-05 2.98005e-05 2.96072e-05 2.93847e-05 2.91332e-05 2.8853e-05 2.85443e-05 2.82074e-05 2.78427e-05 2.74505e-05 2.70312e-05 2.65852e-05 2.6113e-05 2.56151e-05 2.50918e-05 2.45438e-05 2.39716e-05 2.33757e-05 2.27567e-05 2.21153e-05 2.14521e-05 2.07677e-05 2.00628e-05 1.93381e-05 1.85943e-05 1.78321e-05 1.70524e-05 1.62558e-05 1.54432e-05 1.46154e-05 1.37731e-05 1.29172e-05 1.20486e-05 1.11681e-05 1.02766e-05 9.3749e-06 8.46398e-06 7.54471e-06 6.61799e-06 5.68474e-06 4.74588e-06 3.80234e-06 2.85504e-06 1.90493e-06 9.52934e-07 0  
0 9.93662e-07 1.98634e-06 2.97706e-06 3.96485e-06 4.94872e-06 5.9277e-06 6.90084e-06 7.86717e-06 8.82573e-06 9.77558e-06 1.07158e-05 1.16454e-05 1.25636e-05 1.34693e-05 1.43617e-05 1.524e-05 1.61032e-05 1.69506e-05 1.77812e-05 1.85943e-05 1.9389e-05 2.01646e-05 2.09202e-05 2.16553e-05 2.23689e-05 2.30605e-05 2.37294e-05 2.43748e-05 2.49961e-05 2.55928e-05 2.61642e-05 2.67098e-05 2.72291e-05 2.77215e-05 2.81865e-05 2.86237e-05 2.90327e-05 2.9413e-05 2.97642e-05 3.00861e-05 3.03784e-05 3.06406e-05 3.08726e-05 3.10741e-05 3.1245e-05 3.1385e-05 3.14941e-05 3.1572e-05 3.16188e-05 3.16344e-05 3.16188e-05 3.1572e-05 3.14941e-05 3.1385e-05 3.1245e-05 3.10741e-05 3.08726e-05 3.06406e-05 3.03784e-05 3.00861e-05 2.97642e-05 2.9413e-05 2.90327e-05 2.86237e-05 2.81865e-05 2.77215e-05 2.72291e-05 2.67098e-05 2.61642e-05 2.55928e-05 2.49961e-05 2.43748e-05 2.37294e-05 2.30605e-05 2.23689e-05 2.16553e-05 2.09202e-05 2.01646e-05 1.9389e-05 1.85943e-05 1.77812e-05 1.69506e-05 1.61032e-05 1.524e-05 1.43617e-05 1.34693e-05 1.25636e-05 1.16454e-05 1.07158e-05 9.77558e-06 8.82573e-06 7.86717e-06 6.90084e-06 5.9277e-06 4.94872e-06 3.96485e-06 2.97706e-06 1.98634e-06 9.93662e-07 0  
0 1.03341e-06 2.0658e-06 3.09615e-06 4.12345e-06 5.14667e-06 6.16482e-06 7.17688e-06 8.18186e-06 9.17877e-06 1.01666e-05 1.11444e-05 1.21112e-05 1.30661e-05 1.40081e-05 1.49362e-05 1.58496e-05 1.67474e-05 1.76286e-05 1.84925e-05 1.93381e-05 2.01646e-05 2.09712e-05 2.17571e-05 2.25215e-05 2.32637e-05 2.3983e-05 2.46786e-05 2.53498e-05 2.5996e-05 2.66165e-05 2.72108e-05 2.77783e-05 2.83183e-05 2.88304e-05 2.9314e-05 2.97687e-05 3.0194e-05 3.05895e-05 3.09548e-05 3.12896e-05 3.15935e-05 3.18663e-05 3.21075e-05 3.23171e-05 3.24948e-05 3.26404e-05 3.27539e-05 3.28349e-05 3.28836e-05 3.28999e-05 3.28836e-05 3.28349e-05 3.27539e-05 3.26404e-05 3.24948e-05 3.23171e-05 3.21075e-05 3.18663e-05 3.15935e-05 3.12896e-05 3.09548e-05 3.05895e-05 3.0194e-05 2.97687e-05 2.9314e-05 2.88304e-05 2.83183e-05 2.77783e-05 2.72108e-05 2.66165e-05 2.5996e-05 2.53498e-05 2.46786e-05 2.3983e-05 2.32637e-05 2.25215e-05 2.17571e-05 2.09712e-05 2.01646e-05 1.93381e-05 1.84925e-05 1.76286e-05 1.67474e-05 1.58496e-05 1.49362e-05 1.40081e-05 1.30661e-05 1.21112e-05 1.11444e-05 1.01666e-05 9.17877e-06 8.18186e-06 7.17688e-06 6.16482e-06 5.14667e-06 4.12345e-06 3.09615e-06 2.0658e-06 1.03341e-06 0  
0 1.07214e-06 2.14322e-06 3.21218e-06 4.27797e-06 5.33955e-06 6.39585e-06 7.44584e-06 8.48848e-06 9.52275e-06 1.05476e-05 1.15621e-05 1.25651e-05 1.35558e-05 1.4533e-05 1.5496e-05 1.64436e-05 1.7375e-05 1.82893e-05 1.91855e-05 2.00628e-05 2.09202e-05 2.17571e-05 2.25724e-05 2.33655e-05 2.41355e-05 2.48817e-05 2.56034e-05 2.62998e-05 2.69702e-05 2.7614e-05 2.82306e-05 2.88193e-05 2.93795e-05 2.99108e-05 3.04126e-05 3.08843e-05 3.13255e-05 3.17359e-05 3.21149e-05 3.24622e-05 3.27775e-05 3.30605e-05 3.33108e-05 3.35282e-05 3.37126e-05 3.38637e-05 3.39813e-05 3.40655e-05 3.4116e-05 3.41328e-05 3.4116e-05 3.40655e-05 3.39813e-05 3.38637e-05 3.37126e-05 3.35282e-05 3.33108e-05 3.30605e-05 3.27775e-05 3.24622e-05 3.21149e-05 3.17359e-05 3.13255e-05 3.08843e-05 3.04126e-05 2.99108e-05 2.93795e-05 2.88193e-05 2.82306e-05 2.7614e-05 2.69702e-05 2.62998e-05 2.56034e-05 2.48817e-05 2.41355e-05 2.33655e-05 2.25724e-05 2.17571e-05 2.09202e-05 2.00628e-05 1.91855e-05 1.82893e-05 1.7375e-05 1.64436e-05 1.5496e-05 1.4533e-05 1.35558e-05 1.25651e-05 1.15621e-05 1.05476e-05 9.52275e-06 8.48848e-06 7.44584e-06 6.39585e-06 5.33955e-06 4.27797e-06 3.21218e-06 2.14322e-06 1.07214e-06 0  
0 1.10981e-06 2.21852e-06 3.32504e-06 4.42828e-06 5.52715e-06 6.62057e-06 7.70745e-06 8.78673e-06 9.85733e-06 1.09182e-05 1.19683e-05 1.30066e-05 1.40321e-05 1.50437e-05 1.60404e-05 1.70214e-05 1.79855e-05 1.89319e-05 1.98596e-05 2.07677e-05 2.16553e-05 2.25215e-05 2.33655e-05 2.41865e-05 2.49835e-05 2.5756e-05 2.6503e-05 2.72238e-05 2.79178e-05 2.85842e-05 2.92225e-05 2.98318e-05 3.04118e-05 3.09617e-05 3.14811e-05 3.19694e-05 3.24262e-05 3.28509e-05 3.32433e-05 3.36028e-05 3.39292e-05 3.4222e-05 3.44812e-05 3.47062e-05 3.48971e-05 3.50535e-05 3.51753e-05 3.52623e-05 3.53146e-05 3.53321e-05 3.53146e-05 3.52623e-05 3.51753e-05 3.50535e-05 3.48971e-05 3.47062e-05 3.44812e-05 3.4222e-05 3.39292e-05 3.36028e-05 3.32433e-05 3.28509e-05 3.24262e-05 3.19694e-05 3.14811e-05 3.09617e-05 3.04118e-05 2.98318e-05 2.92225e-05 2.85842e-05 2.79178e-05 2.72238e-05 2.6503e-05 2.5756e-05 2.49835e-05 2.41865e-05 2.33655e-05 2.25215e-05 2.16553e-05 2.07677e-05 1.98596e-05 1.89319e-05 1.79855e-05 1.70214e-05 1.60404e-05 1.50437e-05 1.40321e-05 1.30066e-05 1.19683e-05 1.09182e-05 9.85733e-06 8.78673e-06 7.70745e-06 6.62057e-06 5.52715e-06 4.42828e-06 3.32504e-06 2.21852e-06 1.10981e-06 0  
0 1.14638e-06 2.29163e-06 3.43462e-06 4.57422e-06 5.7093e-06 6.83875e-06 7.96145e-06 9.0763e-06 1.01822e-05 1.1278e-05 1.23627e-05 1.34352e-05 1.44945e-05 1.55394e-05 1.6569e-05 1.75823e-05 1.85782e-05 1.95558e-05 2.0514e-05 2.14521e-05 2.23689e-05 2.32637e-05 2.41355e-05 2.49835e-05 2.58069e-05 2.66048e-05 2.73764e-05 2.8121e-05 2.88379e-05 2.95263e-05 3.01855e-05 3.0815e-05 3.1414e-05 3.19821e-05 3.25186e-05 3.3023e-05 3.34948e-05 3.39335e-05 3.43388e-05 3.47102e-05 3.50473e-05 3.53499e-05 3.56175e-05 3.585e-05 3.60471e-05 3.62087e-05 3.63345e-05 3.64244e-05 3.64784e-05 3.64965e-05 3.64784e-05 3.64244e-05 3.63345e-05 3.62087e-05 3.60471e-05 3.585e-05 3.56175e-05 3.53499e-05 3.50473e-05 3.47102e-05 3.43388e-05 3.39335e-05 3.34948e-05 3.3023e-05 3.25186e-05 3.19821e-05 3.1414e-05 3.0815e-05 3.01855e-05 2.95263e-05 2.88379e-05 2.8121e-05 2.73764e-05 2.66048e-05 2.58069e-05 2.49835e-05 2.41355e-05 2.32637e-05 2.23689e-05 2.14521e-05 2.0514e-05 1.95558e-05 1.85782e-05 1.75823e-05 1.6569e-05 1.55394e-05 1.44945e-05 1.34352e-05 1.23627e-05 1.1278e-05 1.01822e-05 9.0763e-06 7.96145e-06 6.83875e-06 5.7093e-06 4.57422e-06 3.43462e-06 2.29163e-06 1.14638e-06 0  
0 1.18182e-06 2.36248e-06 3.54081e-06 4.71564e-06 5.88582e-06 7.05019e-06 8.2076e-06 9.35691e-06 1.0497e-05 1.16267e-05 1.2745e-05 1.38506e-05 1.49426e-05 1.60199e-05 1.70813e-05 1.81259e-05 1.91526e-05 2.01604e-05 2.11483e-05 2.21153e-05 2.30605e-05 2.3983e-05 2.48817e-05 2.5756e-05 2.66048e-05 2.74273e-05 2.82228e-05 2.89904e-05 2.97294e-05 3.04391e-05 3.11188e-05 3.17677e-05 3.23853e-05 3.29709e-05 3.3524e-05 3.4044e-05 3.45304e-05 3.49827e-05 3.54005e-05 3.57833e-05 3.61309e-05 3.64428e-05 3.67187e-05 3.69584e-05 3.71616e-05 3.73281e-05 3.74578e-05 3.75506e-05 3.76063e-05 3.76248e-05 3.76063e-05 3.75506e-05 3.74578e-05 3.73281e-05 3.71616e-05 3.69584e-05 3.67187e-05 3.64428e-05 3.61309e-05 3.57833e-05 3.54005e-05 3.49827e-05 3.45304e-05 3.4044e-05 3.3524e-05 3.29709e-05 3.23853e-05 3.17677e-05 3.11188e-05 3.04391e-05 2.97294e-05 2.89904e-05 2.82228e-05 2.74273e-05 2.66048e-05 2.5756e-05 2.48817e-05 2.3983e-05 2.30605e-05 2.21153e-05 2.11483e-05 2.01604e-05 1.91526e-05 1.81259e-05 1.70813e-05 1.60199e-05 1.49426e-05 1.38506e-05 1.2745e-05 1.16267e-05 1.0497e-05 9.35691e-06 8.2076e-06 7.05019e-06 5.88582e-06 4.71564e-06 3.54081e-06 2.36248e-06 1.18182e-06 0  
0 1.2161e-06 2.431e-06 3.6435e-06 4.85241e-06 6.05653e-06 7.25467e-06 8.44565e-06 9.62829e-06 1.08014e-05 1.19639e-05 1.31146e-05 1.42523e-05 1.5376e-05 1.64845e-05 1.75767e-05 1.86516e-05 1.97081e-05 2.07451e-05 2.17617e-05 2.27567e-05 2.37294e-05 2.46786e-05 2.56034e-05 2.6503e-05 2.73764e-05 2.82228e-05 2.90414e-05 2.98312e-05 3.05917e-05 3.1322e-05 3.20213e-05 3.26891e-05 3.33245e-05 3.39271e-05 3.44963e-05 3.50313e-05 3.55318e-05 3.59973e-05 3.64272e-05 3.68212e-05 3.71788e-05 3.74997e-05 3.77837e-05 3.80303e-05 3.82394e-05 3.84108e-05 3.85442e-05 3.86397e-05 3.8697e-05 3.87161e-05 3.8697e-05 3.86397e-05 3.85442e-05 3.84108e-05 3.82394e-05 3.80303e-05 3.77837e-05 3.74997e-05 3.71788e-05 3.68212e-05 3.64272e-05 3.59973e-05 3.55318e-05 3.50313e-05 3.44963e-05 3.39271e-05 3.33245e-05 3.26891e-05 3.20213e-05 3.1322e-05 3.05917e-05 2.98312e-05 2.90414e-05 2.82228e-05 2.73764e-05 2.6503e-05 2.56034e-05 2.46786e-05 2.37294e-05 2.27567e-05 2.17617e-05 2.07451e-05 1.97081e-05 1.86516e-05 1.75767e-05 1.64845e-05 1.5376e-05 1.42523e-05 1.31146e-05 1.19639e-05 1.08014e-05 9.62829e-06 8.44565e-06 7.25467e-06 6.05653e-06 4.85241e-06 3.6435e-06 2.431e-06 1.2161e-06 0  
0 1.24918e-06 2.49712e-06 3.7426e-06 4.98439e-06 6.22126e-06 7.45199e-06 8.67536e-06 9.89017e-06 1.10952e-05 1.22893e-05 1.34713e-05 1.464e-05 1.57942e-05 1.69329e-05 1.80548e-05 1.91589e-05 2.02441e-05 2.13093e-05 2.23536e-05 2.33757e-05 2.43748e-05 2.53498e-05 2.62998e-05 2.72238e-05 2.8121e-05 2.89904e-05 2.98312e-05 3.06426e-05 3.14238e-05 3.21739e-05 3.28923e-05 3.35782e-05 3.42309e-05 3.48499e-05 3.54345e-05 3.59842e-05 3.64983e-05 3.69764e-05 3.7418e-05 3.78227e-05 3.819e-05 3.85197e-05 3.88113e-05 3.90647e-05 3.92795e-05 3.94555e-05 3.95926e-05 3.96906e-05 3.97495e-05 3.97691e-05 3.97495e-05 3.96906e-05 3.95926e-05 3.94555e-05 3.92795e-05 3.90647e-05 3.88113e-05 3.85197e-05 3.819e-05 3.78227e-05 3.7418e-05 3.69764e-05 3.64983e-05 3.59842e-05 3.54345e-05 3.48499e-05 3.42309e-05 3.35782e-05 3.28923e-05 3.21739e-05 3.14238e-05 3.06426e-05 2.98312e-05 2.89904e-05 2.8121e-05 2.72238e-05 2.62998e-05 2.53498e-05 2.43748e-05 2.33757e-05 2.23536e-05 2.13093e-05 2.02441e-05 1.91589e-05 1.80548e-05 1.69329e-05 1.57942e-05 1.464e-05 1.34713e-05 1.22893e-05 1.10952e-05 9.89017e-06 8.67536e-06 7.45199e-06 6.22126e-06 4.98439e-06 3.7426e-06 2.49712e-06 1.24918e-06 0  
0 1.28102e-06 2.56078e-06 3.83801e-06 5.11145e-06 6.37985e-06 7.64195e-06 8.89651e-06 1.01423e-05 1.13781e-05 1.26026e-05 1.38147e-05 1.50132e-05 1.61968e-05 1.73645e-05 1.8515e-05 1.96473e-05 2.07602e-05 2.18526e-05 2.29234e-05 2.39716e-05 2.49961e-05 2.5996e-05 2.69702e-05 2.79178e-05 2.88379e-05 2.97294e-05 3.05917e-05 3.14238e-05 3.22248e-05 3.2994e-05 3.37307e-05 3.44341e-05 3.51035e-05 3.57383e-05 3.63378e-05 3.69015e-05 3.74287e-05 3.7919e-05 3.83718e-05 3.87868e-05 3.91635e-05 3.95016e-05 3.98007e-05 4.00605e-05 4.02808e-05 4.04613e-05 4.06019e-05 4.07024e-05 4.07628e-05 4.07829e-05 4.07628e-05 4.07024e-05 4.06019e-05 4.04613e-05 4.02808e-05 4.00605e-05 3.98007e-05 3.95016e-05 3.91635e-05 3.87868e-05 3.83718e-05 3.7919e-05 3.74287e-05 3.69015e-05 3.63378e-05 3.57383e-05 3.51035e-05 3.44341e-05 3.37307e-05 3.2994e-05 3.22248e-05 3.14238e-05 3.05917e-05 2.97294e-05 2.88379e-05 2.79178e-05 2.69702e-05 2.5996e-05 2.49961e-05 2.39716e-05 2.29234e-05 2.18526e-05 2.07602e-05 1.96473e-05 1.8515e-05 1.73645e-05 1.61968e-05 1.50132e-05 1.38147e-05 1.26026e-05 1.13781e-05 1.01423e-05 8.89651e-06 7.64195e-06 6.37985e-06 5.11145e-06 3.83801e-06 2.56078e-06 1.28102e-06 0  
0 1.3116e-06 2.62191e-06 3.92963e-06 5.23347e-06 6.53214e-06 7.82437e-06 9.10888e-06 1.03844e-05 1.16497e-05 1.29034e-05 1.41445e-05 1.53716e-05 1.65835e-05 1.7779e-05 1.8957e-05 2.01163e-05 2.12557e-05 2.23742e-05 2.34706e-05 2.45438e-05 2.55928e-05 2.66165e-05 2.7614e-05 2.85842e-05 2.95263e-05 3.04391e-05 3.1322e-05 3.21739e-05 3.2994e-05 3.37817e-05 3.45359e-05 3.52561e-05 3.59415e-05 3.65914e-05 3.72052e-05 3.77823e-05 3.83222e-05 3.88241e-05 3.92878e-05 3.97127e-05 4.00984e-05 4.04446e-05 4.07508e-05 4.10168e-05 4.12423e-05 4.14272e-05 4.15711e-05 4.1674e-05 4.17358e-05 4.17564e-05 4.17358e-05 4.1674e-05 4.15711e-05 4.14272e-05 4.12423e-05 4.10168e-05 4.07508e-05 4.04446e-05 4.00984e-05 3.97127e-05 3.92878e-05 3.88241e-05 3.83222e-05 3.77823e-05 3.72052e-05 3.65914e-05 3.59415e-05 3.52561e-05 3.45359e-05 3.37817e-05 3.2994e-05 3.21739e-05 3.1322e-05 3.04391e-05 2.95263e-05 2.85842e-05 2.7614e-05 2.66165e-05 2.55928e-05 2.45438e-05 2.34706e-05 2.23742e-05 2.12557e-05 2.01163e-05 1.8957e-05 1.7779e-05 1.65835e-05 1.53716e-05 1.41445e-05 1.29034e-05 1.16497e-05 1.03844e-05 9.10888e-06 7.82437e-06 6.53214e-06 5.23347e-06 3.92963e-06 2.62191e-06 1.3116e-06 0  
0 1.34089e-06 2.68045e-06 4.01737e-06 5.35032e-06 6.67799e-06 7.99907e-06 9.31226e-06 1.06163e-05 1.19098e-05 1.31916e-05 1.44603e-05 1.57148e-05 1.69537e-05 1.8176e-05 1.93803e-05 2.05655e-05 2.17303e-05 2.28738e-05 2.39946e-05 2.50918e-05 2.61642e-05 2.72108e-05 2.82306e-05 2.92225e-05 3.01855e-05 3.11188e-05 3.20213e-05 3.28923e-05 3.37307e-05 3.45359e-05 3.5307e-05 3.60433e-05 3.6744e-05 3.74084e-05 3.8036e-05 3.86259e-05 3.91778e-05 3.9691e-05 4.0165e-05 4.05994e-05 4.09937e-05 4.13476e-05 4.16607e-05 4.19326e-05 4.21632e-05 4.23521e-05 4.24993e-05 4.26045e-05 4.26677e-05 4.26888e-05 4.26677e-05 4.26045e-05 4.24993e-05 4.23521e-05 4.21632e-05 4.19326e-05 4.16607e-05 4.13476e-05 4.09937e-05 4.05994e-05 4.0165e-05 3.9691e-05 3.91778e-05 3.86259e-05 3.8036e-05 3.74084e-05 3.6744e-05 3.60433e-05 3.5307e-05 3.45359e-05 3.37307e-05 3.28923e-05 3.20213e-05 3.11188e-05 3.01855e-05 2.92225e-05 2.82306e-05 2.72108e-05 2.61642e-05 2.50918e-05 2.39946e-05 2.28738e-05 2.17303e-05 2.05655e-05 1.93803e-05 1.8176e-05 1.69537e-05 1.57148e-05 1.44603e-05 1.31916e-05 1.19098e-05 1.06163e-05 9.31226e-06 7.99907e-06 6.67799e-06 5.35032e-06 4.01737e-06 2.68045e-06 1.34089e-06 0  
0 1.36885e-06 2.73635e-06 4.10114e-06 5.46189e-06 6.81725e-06 8.16588e-06 9.50645e-06 1.08376e-05 1.21581e-05 1.34666e-05 1.47618e-05 1.60425e-05 1.73073e-05 1.8555e-05 1.97844e-05 2.09943e-05 2.21835e-05 2.33508e-05 2.4495e-05 2.56151e-05 2.67098e-05 2.77783e-05 2.88193e-05 2.98318e-05 3.0815e-05 3.17677e-05 3.26891e-05 3.35782e-05 3.44341e-05 3.52561e-05 3.60433e-05 3.67949e-05 3.75102e-05 3.81885e-05 3.88291e-05 3.94314e-05 3.99948e-05 4.05187e-05 4.10026e-05 4.1446e-05 4.18486e-05 4.22098e-05 4.25294e-05 4.28071e-05 4.30424e-05 4.32353e-05 4.33856e-05 4.3493e-05 4.35575e-05 4.3579e-05 4.35575e-05 4.3493e-05 4.33856e-05 4.32353e-05 4.30424e-05 4.28071e-05 4.25294e-05 4.22098e-05 4.18486e-05 4.1446e-05 4.10026e-05 4.05187e-05 3.99948e-05 3.94314e-05 3.88291e-05 3.81885e-05 3.75102e-05 3.67949e-05 3.60433e-05 3.52561e-05 3.44341e-05 3.35782e-05 3.26891e-05 3.17677e-05 3.0815e-05 2.98318e-05 2.88193e-05 2.77783e-05 2.67098e-05 2.56151e-05 2.4495e-05 2.33508e-05 2.21835e-05 2.09943e-05 1.97844e-05 1.8555e-05 1.73073e-05 1.60425e-05 1.47618e-05 1.34666e-05 1.21581e-05 1.08376e-05 9.50645e-06 8.16588e-06 6.81725e-06 5.46189e-06 4.10114e-06 2.73635e-06 1.36885e-06 0  
0 1.39546e-06 2.78954e-06 4.18087e-06 5.56807e-06 6.94978e-06 8.32463e-06 9.69126e-06 1.10483e-05 1.23945e-05 1.37284e-05 1.50488e-05 1.63544e-05 1.76438e-05 1.89157e-05 2.0169e-05 2.14025e-05 2.26147e-05 2.38047e-05 2.49712e-05 2.6113e-05 2.72291e-05 2.83183e-05 2.93795e-05 3.04118e-05 3.1414e-05 3.23853e-05 3.33245e-05 3.42309e-05 3.51035e-05 3.59415e-05 3.6744e-05 3.75102e-05 3.82395e-05 3.89309e-05 3.9584e-05 4.0198e-05 4.07723e-05 4.13064e-05 4.17997e-05 4.22518e-05 4.26622e-05 4.30304e-05 4.33562e-05 4.36392e-05 4.38792e-05 4.40758e-05 4.4229e-05 4.43385e-05 4.44042e-05 4.44261e-05 4.44042e-05 4.43385e-05 4.4229e-05 4.40758e-05 4.38792e-05 4.36392e-05 4.33562e-05 4.30304e-05 4.26622e-05 4.22518e-05 4.17997e-05 4.13064e-05 4.07723e-05 4.0198e-05 3.9584e-05 3.89309e-05 3.82395e-05 3.75102e-05 3.6744e-05 3.59415e-05 3.51035e-05 3.42309e-05 3.33245e-05 3.23853e-05 3.1414e-05 3.04118e-05 2.93795e-05 2.83183e-05 2.72291e-05 2.6113e-05 2.49712e-05 2.38047e-05 2.26147e-05 2.14025e-05 2.0169e-05 1.89157e-05 1.76438e-05 1.63544e-05 1.50488e-05 1.37284e-05 1.23945e-05 1.10483e-05 9.69126e-06 8.32463e-06 6.94978e-06 5.56807e-06 4.18087e-06 2.78954e-06 1.39546e-06 0  
