0.01001
0 0 0 0 0 0 0 0 0 0 0 0 0 0 0 0 0 0 0 0 0 0 0 0 0 0 0 0 0 0 0 0 0 0 0 0 0 0 0 0 0 0 0 0 0 0 0 0 0 0 0 0 0 0 0 0 0 0 0 0 0 0 0 0 0 0 0 0 0 0 0 0 0 0 0 0 0 0 0 0 0 0 0 0 0 0 0 0 0 0 0 0 0 0 0 0 0 0 0 0 0  
0 5.05162e-07 1.02273e-06 1.56525e-06 2.14551e-06 2.77664e-06 3.47228e-06 4.24658e-06 5.11433e-06 6.09099e-06 7.19266e-06 8.43614e-06 9.8388e-06 1.14185e-05 1.31935e-05 1.51821e-05 1.74027e-05 1.98733e-05 2.26111e-05 2.56324e-05 2.89517e-05 3.25819e-05 3.65332e-05 4.08129e-05 4.54249e-05 5.0369e-05 5.56406e-05 6.12302e-05 6.7123e-05 7.32985e-05 7.97305e-05 8.63868e-05 9.32291e-05 0.000100214 0.000107291 0.000114405 0.000121499 0.000128509 0.000135369 0.000142012 0.000148368 0.00015437 0.000159951 0.000165047 0.000169597 0.000173548 0.00017685 0.000179463 0.000181354 0.000182498 0.000182881 0.000182498 0.000181354 0.000179463 0.00017685 0.000173548 0.000169597 0.000165047 0.000159951 0.00015437 0.000148368 0.000142012 0.000135369 0.000128509 0.000121499 0.000114405 0.000107291 0.000100214 9.32291e-05 8.63868e-05 7.97305e-05 7.32985e-05 6.7123e-05 6.12302e-05 5.56406e-05 5.0369e-05 4.54249e-05 4.08129e-05 3.65332e-05 3.25819e-05 2.89517e-05 2.56324e-05 2.26111e-05 1.98733e-05 1.74027e-05 1.51821e-05 1.31935e-05 1.14185e-05 9.8388e-06 8.43614e-06 7.19266e-06 6.09099e-06 5.11433e-06 4.24658e-06 3.47228e-06 2.77664e-06 2.14551e-06 1.56525e-06 1.02273e-06 5.05162e-07 0  
0 1.02273e-06 2.07059e-06 3.16896e-06 4.34372e-06 5.62149e-06 7.02984e-06 8.59744e-06 1.03542e-05 1.23315e-05 1.45619e-05 1.70794e-05 1.99191e-05 2.31172e-05 2.67107e-05 3.07367e-05 3.52324e-05 4.02341e-05 4.57768e-05 5.18933e-05 5.86133e-05 6.59626e-05 7.39619e-05 8.26261e-05 9.19629e-05 0.000101972 0.000112644 0.00012396 0.00013589 0.000148392 0.000161414 0.000174889 0.000188741 0.000202881 0.000217208 0.000231612 0.000245973 0.000260164 0.000274052 0.000287499 0.000300368 0.000312518 0.000323816 0.000334132 0.000343345 0.000351343 0.000358028 0.000363318 0.000367145 0.000369461 0.000370237 0.000369461 0.000367145 0.000363318 0.000358028 0.000351343 0.000343345 0.000334132 0.000323816 0.000312518 0.000300368 0.000287499 0.000274052 0.000260164 0.000245973 0.000231612 0.000217208 0.000202881 0.000188741 0.000174889 0.000161414 0.000148392 0.00013589 0.00012396 0.000112644 0.000101972 9.19629e-05 8.26261e-05 7.39619e-05 6.59626e-05 5.86133e-05 5.18933e-05 4.57768e-05 4.02341e-05 3.52324e-05 3.07367e-05 2.67107e-05 2.31172e-05 1.99191e-05 1.70794e-05 1.45619e-05 1.23315e-05 1.03542e-05 8.59744e-06 7.02984e-06 5.62149e-06 4.34372e-06 3.16896e-06 2.07059e-06 1.02273e-06 0  
0 1.56525e-06 3.16896e-06 4.84996e-06 6.64787e-06 8.60343e-06 1.07588e-05 1.3158e-05 1.58466e-05 1.88727e-05 2.22861e-05 2.61389e-05 3.04848e-05 3.53792e-05 4.08787e-05 4.70401e-05 5.39202e-05 6.15748e-05 7.00572e-05 7.94177e-05 8.97018e-05 0.000100949 0.000113191 0.00012645 0.000140739 0.000156056 0.000172389 0.000189706 0.000207963 0.000227095 0.000247022 0.000267644 0.000288842 0.00031048 0.000332405 0.000354448 0.000376425 0.000398142 0.000419394 0.000439973 0.000459665 0.00047826 0.000495549 0.000511336 0.000525433 0.000537673 0.000547903 0.000555998 0.000561855 0.000565399 0.000566586 0.000565399 0.000561855 0.000555998 0.000547903 0.000537673 0.000525433 0.000511336 0.000495549 0.00047826 0.000459665 0.000439973 0.000419394 0.000398142 0.000376425 0.000354448 0.000332405 0.00031048 0.000288842 0.000267644 0.000247022 0.000227095 0.000207963 0.000189706 0.000172389 0.000156056 0.000140739 0.00012645 0.000113191 0.000100949 8.97018e-05 7.94177e-05 7.00572e-05 6.15748e-05 5.39202e-05 4.70401e-05 4.08787e-05 3.53792e-05 3.04848e-05 2.61389e-05 2.22861e-05 1.88727e-05 1.58466e-05 1.3158e-05 1.07588e-05 8.60343e-06 6.64787e-06 4.84996e-06 3.16896e-06 1.56525e-06 0  
0 2.14551e-06 4.34372e-06 6.64787e-06 9.11227e-06 1.17927e-05 1.47471e-05 1.80355e-05 2.17208e-05 2.58686e-05 3.05472e-05 3.5828e-05 4.17847e-05 4.84932e-05 5.60309e-05 6.44759e-05 7.3906e-05 8.43975e-05 9.60236e-05 0.000108853 0.000122948 0.000138364 0.000155142 0.000173315 0.000192899 0.000213893 0.000236277 0.000260012 0.000285034 0.000311256 0.000338567 0.00036683 0.000395882 0.000425538 0.000455587 0.000485798 0.000515918 0.000545682 0.000574809 0.000603013 0.000630001 0.000655485 0.000679181 0.000700816 0.000720137 0.000736911 0.000750933 0.000762027 0.000770054 0.000774911 0.000776538 0.000774911 0.000770054 0.000762027 0.000750933 0.000736911 0.000720137 0.000700816 0.000679181 0.000655485 0.000630001 0.000603013 0.000574809 0.000545682 0.000515918 0.000485798 0.000455587 0.000425538 0.000395882 0.00036683 0.000338567 0.000311256 0.000285034 0.000260012 0.000236277 0.000213893 0.000192899 0.000173315 0.000155142 0.000138364 0.000122948 0.000108853 9.60236e-05 8.43975e-05 7.3906e-05 6.44759e-05 5.60309e-05 4.84932e-05 4.17847e-05 3.5828e-05 3.05472e-05 2.58686e-05 2.17208e-05 1.80355e-05 1.47471e-05 1.17927e-05 9.11227e-06 6.64787e-06 4.34372e-06 2.14551e-06 0  
0 2.77664e-06 5.62149e-06 8.60343e-06 1.17927e-05 1.52617e-05 1.9085e-05 2.33407e-05 2.81099e-05 3.34776e-05 3.95322e-05 4.63661e-05 5.40746e-05 6.2756e-05 7.25104e-05 8.34388e-05 9.56419e-05 0.000109218 0.000124263 0.000140865 0.000159105 0.000179053 0.000200765 0.000224281 0.000249622 0.000276789 0.000305754 0.000336466 0.000368844 0.000402775 0.000438115 0.000474687 0.00051228 0.000550654 0.000589537 0.000628627 0.000667602 0.000706115 0.000743804 0.000780298 0.00081522 0.000848195 0.000878855 0.00090685 0.00093185 0.000953555 0.000971698 0.000986053 0.000996439 0.00100272 0.00100483 0.00100272 0.000996439 0.000986053 0.000971698 0.000953555 0.00093185 0.00090685 0.000878855 0.000848195 0.00081522 0.000780298 0.000743804 0.000706115 0.000667602 0.000628627 0.000589537 0.000550654 0.00051228 0.000474687 0.000438115 0.000402775 0.000368844 0.000336466 0.000305754 0.000276789 0.000249622 0.000224281 0.000200765 0.000179053 0.000159105 0.000140865 0.000124263 0.000109218 9.56419e-05 8.34388e-05 7.25104e-05 6.2756e-05 5.40746e-05 4.63661e-05 3.95322e-05 3.34776e-05 2.81099e-05 2.33407e-05 1.9085e-05 1.52617e-05 1.17927e-05 8.60343e-06 5.62149e-06 2.77664e-06 0  
0 3.47228e-06 7.02984e-06 1.07588e-05 1.47471e-05 1.9085e-05 2.38662e-05 2.91878e-05 3.51516e-05 4.18637e-05 4.94349e-05 5.79803e-05 6.76194e-05 7.8475e-05 9.06721e-05 0.000104337 0.000119596 0.000136572 0.000155384 0.000176143 0.00019895 0.000223892 0.00025104 0.000280444 0.00031213 0.000346097 0.000382314 0.000420715 0.000461198 0.000503622 0.000547809 0.000593535 0.000640538 0.000688517 0.000737132 0.000786007 0.000834736 0.000882888 0.000930011 0.000975639 0.0010193 0.00106053 0.00109886 0.00113386 0.00116512 0.00119226 0.00121494 0.00123289 0.00124587 0.00125373 0.00125636 0.00125373 0.00124587 0.00123289 0.00121494 0.00119226 0.00116512 0.00113386 0.00109886 0.00106053 0.0010193 0.000975639 0.000930011 0.000882888 0.000834736 0.000786007 0.000737132 0.000688517 0.000640538 0.000593535 0.000547809 0.000503622 0.000461198 0.000420715 0.000382314 0.000346097 0.00031213 0.000280444 0.00025104 0.000223892 0.00019895 0.000176143 0.000155384 0.000136572 0.000119596 0.000104337 9.06721e-05 7.8475e-05 6.76194e-05 5.79803e-05 4.94349e-05 4.18637e-05 3.51516e-05 2.91878e-05 2.38662e-05 1.9085e-05 1.47471e-05 1.07588e-05 7.02984e-06 3.47228e-06 0  
0 4.24658e-06 8.59744e-06 1.3158e-05 1.80355e-05 2.33407e-05 2.91878e-05 3.5696e-05 4.29894e-05 5.11978e-05 6.04567e-05 7.0907e-05 8.26947e-05 9.59699e-05 0.000110886 0.000127596 0.000146256 0.000167015 0.000190019 0.000215404 0.000243293 0.000273793 0.00030699 0.000342945 0.00038169 0.000423225 0.000467511 0.000514467 0.000563968 0.000615844 0.000669873 0.000725785 0.000783258 0.000841925 0.000901368 0.000961129 0.00102071 0.00107959 0.00113721 0.001193 0.00124638 0.00129679 0.00134366 0.00138646 0.00142468 0.00145786 0.00148559 0.00150754 0.00152341 0.00153302 0.00153624 0.00153302 0.00152341 0.00150754 0.00148559 0.00145786 0.00142468 0.00138646 0.00134366 0.00129679 0.00124638 0.001193 0.00113721 0.00107959 0.00102071 0.000961129 0.000901368 0.000841925 0.000783258 0.000725785 0.000669873 0.000615844 0.000563968 0.000514467 0.000467511 0.000423225 0.00038169 0.000342945 0.00030699 0.000273793 0.000243293 0.000215404 0.000190019 0.000167015 0.000146256 0.000127596 0.000110886 9.59699e-05 8.26947e-05 7.0907e-05 6.04567e-05 5.11978e-05 4.29894e-05 3.5696e-05 2.91878e-05 2.33407e-05 1.80355e-05 1.3158e-05 8.59744e-06 4.24658e-06 0  
0 5.11433e-06 1.03542e-05 1.58466e-05 2.17208e-05 2.81099e-05 3.51516e-05 4.29894e-05 5.17727e-05 6.16579e-05 7.2808e-05 8.53929e-05 9.95881e-05 0.000115574 0.000133536 0.000153659 0.000176129 0.000201128 0.000228829 0.000259397 0.000292979 0.000329706 0.00036968 0.000412975 0.000459629 0.000509643 0.000562968 0.000619507 0.000679112 0.000741576 0.000806632 0.000873954 0.000943157 0.00101379 0.00108537 0.00115732 0.00122907 0.00129996 0.00136933 0.0014365 0.00150078 0.00156148 0.00161791 0.00166944 0.00171546 0.00175541 0.0017888 0.00181522 0.00183434 0.00184591 0.00184978 0.00184591 0.00183434 0.00181522 0.0017888 0.00175541 0.00171546 0.00166944 0.00161791 0.00156148 0.00150078 0.0014365 0.00136933 0.00129996 0.00122907 0.00115732 0.00108537 0.00101379 0.000943157 0.000873954 0.000806632 0.000741576 0.000679112 0.000619507 0.000562968 0.000509643 0.000459629 0.000412975 0.00036968 0.000329706 0.000292979 0.000259397 0.000228829 0.000201128 0.000176129 0.000153659 0.000133536 0.000115574 9.95881e-05 8.53929e-05 7.2808e-05 6.16579e-05 5.17727e-05 4.29894e-05 3.51516e-05 2.81099e-05 2.17208e-05 1.58466e-05 1.03542e-05 5.11433e-06 0  
0 6.09099e-06 1.23315e-05 1.88727e-05 2.58686e-05 3.34776e-05 4.18637e-05 5.11978e-05 6.16579e-05 7.34301e-05 8.67086e-05 0.000101695 0.0001186 0.000137637 0.000159027 0.00018299 0.000209747 0.000239516 0.000272502 0.000308902 0.000348891 0.000392624 0.000440223 0.000491776 0.00054733 0.000606883 0.000670378 0.000737701 0.000808673 0.000883048 0.00096051 0.00104067 0.00112307 0.00120718 0.0012924 0.00137807 0.00146349 0.0015479 0.0016305 0.00171048 0.00178701 0.00185928 0.00192647 0.00198782 0.00204261 0.00209018 0.00212993 0.00216139 0.00218415 0.00219793 0.00220254 0.00219793 0.00218415 0.00216139 0.00212993 0.00209018 0.00204261 0.00198782 0.00192647 0.00185928 0.00178701 0.00171048 0.0016305 0.0015479 0.00146349 0.00137807 0.0012924 0.00120718 0.00112307 0.00104067 0.00096051 0.000883048 0.000808673 0.000737701 0.000670378 0.000606883 0.00054733 0.000491776 0.000440223 0.000392624 0.000348891 0.000308902 0.000272502 0.000239516 0.000209747 0.00018299 0.000159027 0.000137637 0.0001186 0.000101695 8.67086e-05 7.34301e-05 6.16579e-05 5.11978e-05 4.18637e-05 3.34776e-05 2.58686e-05 1.88727e-05 1.23315e-05 6.09099e-06 0  
0 7.19266e-06 1.45619e-05 2.22861e-05 3.05472e-05 3.95322e-05 4.94349e-05 6.04567e-05 7.2808e-05 8.67086e-05 0.000102388 0.000120084 0.000140044 0.000162522 0.000187777 0.000216071 0.000247664 0.000282811 0.000321758 0.000364735 0.000411949 0.000463583 0.000519781 0.000580647 0.000646236 0.000716545 0.000791509 0.000870991 0.000954781 0.00104259 0.00113404 0.00122867 0.00132595 0.00142525 0.00152585 0.001627 0.00172784 0.00182749 0.001925 0.00201942 0.00210977 0.00219508 0.00227441 0.00234683 0.00241151 0.00246766 0.0025146 0.00255174 0.00257861 0.00259487 0.00260031 0.00259487 0.00257861 0.00255174 0.0025146 0.00246766 0.00241151 0.00234683 0.00227441 0.00219508 0.00210977 0.00201942 0.001925 0.00182749 0.00172784 0.001627 0.00152585 0.00142525 0.00132595 0.00122867 0.00113404 0.00104259 0.000954781 0.000870991 0.000791509 0.000716545 0.000646236 0.000580647 0.000519781 0.000463583 0.000411949 0.000364735 0.000321758 0.000282811 0.000247664 0.000216071 0.000187777 0.000162522 0.000140044 0.000120084 0.000102388 8.67086e-05 7.2808e-05 6.04567e-05 4.94349e-05 3.95322e-05 3.05472e-05 2.22861e-05 1.45619e-05 7.19266e-06 0  
0 8.43614e-06 1.70794e-05 2.61389e-05 3.5828e-05 4.63661e-05 5.79803e-05 7.0907e-05 8.53929e-05 0.000101695 0.000120084 0.000140837 0.000164246 0.000190607 0.000220225 0.000253406 0.000290456 0.000331673 0.000377346 0.000427744 0.000483112 0.00054366 0.000609562 0.000680936 0.000757848 0.000840295 0.000928199 0.0010214 0.00111965 0.00122262 0.00132985 0.00144082 0.00155488 0.00167131 0.00178928 0.00190788 0.00202612 0.00214296 0.0022573 0.00236801 0.00247395 0.00257398 0.00266699 0.00275191 0.00282775 0.00289359 0.00294862 0.00299216 0.00302367 0.00304273 0.00304912 0.00304273 0.00302367 0.00299216 0.00294862 0.00289359 0.00282775 0.00275191 0.00266699 0.00257398 0.00247395 0.00236801 0.0022573 0.00214296 0.00202612 0.00190788 0.00178928 0.00167131 0.00155488 0.00144082 0.00132985 0.00122262 0.00111965 0.0010214 0.000928199 0.000840295 0.000757848 0.000680936 0.000609562 0.00054366 0.000483112 0.000427744 0.000377346 0.000331673 0.000290456 0.000253406 0.000220225 0.000190607 0.000164246 0.000140837 0.000120084 0.000101695 8.53929e-05 7.0907e-05 5.79803e-05 4.63661e-05 3.5828e-05 2.61389e-05 1.70794e-05 8.43614e-06 0  
0 9.8388e-06 1.99191e-05 3.04848e-05 4.17847e-05 5.40746e-05 6.76194e-05 8.26947e-05 9.95881e-05 0.0001186 0.000140044 0.000164246 0.000191543 0.000222284 0.000256822 0.000295515 0.000338719 0.000386782 0.00044004 0.000498808 0.000563369 0.000633972 0.000710815 0.00079404 0.000883721 0.000979855 0.00108235 0.00119102 0.00130558 0.00142564 0.00155067 0.00168005 0.00181305 0.0019488 0.00208634 0.00222462 0.00236248 0.00249871 0.00263202 0.0027611 0.00288461 0.00300124 0.00310968 0.00320869 0.0032971 0.00337387 0.00343803 0.0034888 0.00352553 0.00354776 0.0035552 0.00354776 0.00352553 0.0034888 0.00343803 0.00337387 0.0032971 0.00320869 0.00310968 0.00300124 0.00288461 0.0027611 0.00263202 0.00249871 0.00236248 0.00222462 0.00208634 0.0019488 0.00181305 0.00168005 0.00155067 0.00142564 0.00130558 0.00119102 0.00108235 0.000979855 0.000883721 0.00079404 0.000710815 0.000633972 0.000563369 0.000498808 0.00044004 0.000386782 0.000338719 0.000295515 0.000256822 0.000222284 0.000191543 0.000164246 0.000140044 0.0001186 9.95881e-05 8.26947e-05 6.76194e-05 5.40746e-05 4.17847e-05 3.04848e-05 1.99191e-05 9.8388e-06 0  
0 1.14185e-05 2.31172e-05 3.53792e-05 4.84932e-05 6.2756e-05 7.8475e-05 9.59699e-05 0.000115574 0.000137637 0.000162522 0.000190607 0.000222284 0.000257957 0.000298035 0.000342935 0.000393068 0.000448839 0.000510638 0.000578829 0.000653743 0.000735666 0.000824829 0.000921396 0.00102545 0.001137 0.00125592 0.00138201 0.00151493 0.00165422 0.00179929 0.00194941 0.00210371 0.00226122 0.0024208 0.00258123 0.00274118 0.00289923 0.0030539 0.00320366 0.00334696 0.00348227 0.00360808 0.00372295 0.00382553 0.00391458 0.00398902 0.00404792 0.00409054 0.00411633 0.00412496 0.00411633 0.00409054 0.00404792 0.00398902 0.00391458 0.00382553 0.00372295 0.00360808 0.00348227 0.00334696 0.00320366 0.0030539 0.00289923 0.00274118 0.00258123 0.0024208 0.00226122 0.00210371 0.00194941 0.00179929 0.00165422 0.00151493 0.00138201 0.00125592 0.001137 0.00102545 0.000921396 0.000824829 0.000735666 0.000653743 0.000578829 0.000510638 0.000448839 0.000393068 0.000342935 0.000298035 0.000257957 0.000222284 0.000190607 0.000162522 0.000137637 0.000115574 9.59699e-05 7.8475e-05 6.2756e-05 4.84932e-05 3.53792e-05 2.31172e-05 1.14185e-05 0  
0 1.31935e-05 2.67107e-05 4.08787e-05 5.60309e-05 7.25104e-05 9.06721e-05 0.000110886 0.000133536 0.000159027 0.000187777 0.000220225 0.000256822 0.000298035 0.000344338 0.00039621 0.000454127 0.000518558 0.000589951 0.000668728 0.000755271 0.00084991 0.000952912 0.00106447 0.00118467 0.00131353 0.0014509 0.00159656 0.0017501 0.00191101 0.00207858 0.00225198 0.00243023 0.00261216 0.0027965 0.00298181 0.00316657 0.00334913 0.00352779 0.00370077 0.00386629 0.00402258 0.0041679 0.00430059 0.00441907 0.00452194 0.00460792 0.00467595 0.00472518 0.00475497 0.00476494 0.00475497 0.00472518 0.00467595 0.00460792 0.00452194 0.00441907 0.00430059 0.0041679 0.00402258 0.00386629 0.00370077 0.00352779 0.00334913 0.00316657 0.00298181 0.0027965 0.00261216 0.00243023 0.00225198 0.00207858 0.00191101 0.0017501 0.00159656 0.0014509 0.00131353 0.00118467 0.00106447 0.000952912 0.00084991 0.000755271 0.000668728 0.000589951 0.000518558 0.000454127 0.00039621 0.000344338 0.000298035 0.000256822 0.000220225 0.000187777 0.000159027 0.000133536 0.000110886 9.06721e-05 7.25104e-05 5.60309e-05 4.08787e-05 2.67107e-05 1.31935e-05 0  
0 1.51821e-05 3.07367e-05 4.70401e-05 6.44759e-05 8.34388e-05 0.000104337 0.000127596 0.000153659 0.00018299 0.000216071 0.000253406 0.000295515 0.000342935 0.00039621 0.000455892 0.000522529 0.000596659 0.0006788 0.000769435 0.000869003 0.000977886 0.00109639 0.00122473 0.00136302 0.00151126 0.00166931 0.00183688 0.00201352 0.00219863 0.00239141 0.0025909 0.00279595 0.00300524 0.0032173 0.00343049 0.00364303 0.00385304 0.00405856 0.00425755 0.00444797 0.00462776 0.00479492 0.00494756 0.00508386 0.00520219 0.0053011 0.00537936 0.00543598 0.00547025 0.00548172 0.00547025 0.00543598 0.00537936 0.0053011 0.00520219 0.00508386 0.00494756 0.00479492 0.00462776 0.00444797 0.00425755 0.00405856 0.00385304 0.00364303 0.00343049 0.0032173 0.00300524 0.00279595 0.0025909 0.00239141 0.00219863 0.00201352 0.00183688 0.00166931 0.00151126 0.00136302 0.00122473 0.00109639 0.000977886 0.000869003 0.000769435 0.0006788 0.000596659 0.000522529 0.000455892 0.00039621 0.000342935 0.000295515 0.000253406 0.000216071 0.00018299 0.000153659 0.000127596 0.000104337 8.34388e-05 6.44759e-05 4.70401e-05 3.07367e-05 1.51821e-05 0  
0 1.74027e-05 3.52324e-05 5.39202e-05 7.3906e-05 9.56419e-05 0.000119596 0.000146256 0.000176129 0.000209747 0.000247664 0.000290456 0.000338719 0.000393068 0.000454127 0.000522529 0.000598902 0.000683861 0.000778 0.000881873 0.000995984 0.00112077 0.00125657 0.00140366 0.00156214 0.00173203 0.00191315 0.00210518 0.00230761 0.00251973 0.00274065 0.00296925 0.00320423 0.00344407 0.00368707 0.00393136 0.00417492 0.00441558 0.00465108 0.00487911 0.0050973 0.00530332 0.00549488 0.00566977 0.00582596 0.00596155 0.00607489 0.00616457 0.00622945 0.00626872 0.00628186 0.00626872 0.00622945 0.00616457 0.00607489 0.00596155 0.00582596 0.00566977 0.00549488 0.00530332 0.0050973 0.00487911 0.00465108 0.00441558 0.00417492 0.00393136 0.00368707 0.00344407 0.00320423 0.00296925 0.00274065 0.00251973 0.00230761 0.00210518 0.00191315 0.00173203 0.00156214 0.00140366 0.00125657 0.00112077 0.000995984 0.000881873 0.000778 0.000683861 0.000598902 0.000522529 0.000454127 0.000393068 0.000338719 0.000290456 0.000247664 0.000209747 0.000176129 0.000146256 0.000119596 9.56419e-05 7.3906e-05 5.39202e-05 3.52324e-05 1.74027e-05 0  
0 1.98733e-05 4.02341e-05 6.15748e-05 8.43975e-05 0.000109218 0.000136572 0.000167015 0.000201128 0.000239516 0.000282811 0.000331673 0.000386782 0.000448839 0.000518558 0.000596659 0.000683861 0.000780867 0.000888352 0.00100695 0.00113724 0.00127971 0.00143476 0.00160269 0.00178363 0.00197759 0.00218437 0.00240361 0.00263472 0.00287689 0.0031291 0.00339009 0.00365835 0.00393216 0.00420958 0.00448847 0.00476651 0.00504125 0.00531011 0.00557042 0.00581951 0.0060547 0.00627338 0.00647304 0.00665134 0.00680613 0.00693552 0.00703789 0.00711196 0.00715678 0.00717179 0.00715678 0.00711196 0.00703789 0.00693552 0.00680613 0.00665134 0.00647304 0.00627338 0.0060547 0.00581951 0.00557042 0.00531011 0.00504125 0.00476651 0.00448847 0.00420958 0.00393216 0.00365835 0.00339009 0.0031291 0.00287689 0.00263472 0.00240361 0.00218437 0.00197759 0.00178363 0.00160269 0.00143476 0.00127971 0.00113724 0.00100695 0.000888352 0.000780867 0.000683861 0.000596659 0.000518558 0.000448839 0.000386782 0.000331673 0.000282811 0.000239516 0.000201128 0.000167015 0.000136572 0.000109218 8.43975e-05 6.15748e-05 4.02341e-05 1.98733e-05 0  
0 2.26111e-05 4.57768e-05 7.00572e-05 9.60236e-05 0.000124263 0.000155384 0.000190019 0.000228829 0.000272502 0.000321758 0.000377346 0.00044004 0.000510638 0.000589951 0.0006788 0.000778 0.000888352 0.00101062 0.00114554 0.00129374 0.00145581 0.00163219 0.00182321 0.00202903 0.00224966 0.00248487 0.00273425 0.00299713 0.0032726 0.00355948 0.00385633 0.00416146 0.0044729 0.00478845 0.00510567 0.00542192 0.00573441 0.00604021 0.00633629 0.00661961 0.00688711 0.00713583 0.00736293 0.00756572 0.00774178 0.00788894 0.00800537 0.00808962 0.0081406 0.00815767 0.0081406 0.00808962 0.00800537 0.00788894 0.00774178 0.00756572 0.00736293 0.00713583 0.00688711 0.00661961 0.00633629 0.00604021 0.00573441 0.00542192 0.00510567 0.00478845 0.0044729 0.00416146 0.00385633 0.00355948 0.0032726 0.00299713 0.00273425 0.00248487 0.00224966 0.00202903 0.00182321 0.00163219 0.00145581 0.00129374 0.00114554 0.00101062 0.000888352 0.000778 0.0006788 0.000589951 0.000510638 0.00044004 0.000377346 0.000321758 0.000272502 0.000228829 0.000190019 0.000155384 0.000124263 9.60236e-05 7.00572e-05 4.57768e-05 2.26111e-05 0  
0 2.56324e-05 5.18933e-05 7.94177e-05 0.000108853 0.000140865 0.000176143 0.000215404 0.000259397 0.000308902 0.000364735 0.000427744 0.000498808 0.000578829 0.000668728 0.000769435 0.000881873 0.00100695 0.00114554 0.00129845 0.00146643 0.00165011 0.00185002 0.00206651 0.00229979 0.00254984 0.00281642 0.00309905 0.00339698 0.00370917 0.00403429 0.00437072 0.00471653 0.00506948 0.00542708 0.00578658 0.00614499 0.00649912 0.00684567 0.00718121 0.00750228 0.00780543 0.00808729 0.00834465 0.00857446 0.00877398 0.00894074 0.00907269 0.00916816 0.00922594 0.00924528 0.00922594 0.00916816 0.00907269 0.00894074 0.00877398 0.00857446 0.00834465 0.00808729 0.00780543 0.00750228 0.00718121 0.00684567 0.00649912 0.00614499 0.00578658 0.00542708 0.00506948 0.00471653 0.00437072 0.00403429 0.00370917 0.00339698 0.00309905 0.00281642 0.00254984 0.00229979 0.00206651 0.00185002 0.00165011 0.00146643 0.00129845 0.00114554 0.00100695 0.000881873 0.000769435 0.000668728 0.000578829 0.000498808 0.000427744 0.000364735 0.000308902 0.000259397 0.000215404 0.000176143 0.000140865 0.000108853 7.94177e-05 5.18933e-05 2.56324e-05 0  
0 2.89517e-05 5.86133e-05 8.97018e-05 0.000122948 0.000159105 0.00019895 0.000243293 0.000292979 0.000348891 0.000411949 0.000483112 0.000563369 0.000653743 0.000755271 0.000869003 0.000995984 0.00113724 0.00129374 0.00146643 0.00165612 0.00186355 0.0020893 0.00233378 0.00259721 0.00287957 0.0031806 0.00349976 0.00383618 0.00418871 0.00455584 0.00493574 0.00532622 0.00572476 0.00612856 0.00653449 0.00693919 0.00733907 0.00773037 0.00810924 0.00847178 0.00881407 0.00913234 0.00942292 0.00968242 0.00990769 0.010096 0.010245 0.0103528 0.010418 0.0104399 0.010418 0.0103528 0.010245 0.010096 0.00990769 0.00968242 0.00942292 0.00913234 0.00881407 0.00847178 0.00810924 0.00773037 0.00733907 0.00693919 0.00653449 0.00612856 0.00572476 0.00532622 0.00493574 0.00455584 0.00418871 0.00383618 0.00349976 0.0031806 0.00287957 0.00259721 0.00233378 0.0020893 0.00186355 0.00165612 0.00146643 0.00129374 0.00113724 0.000995984 0.000869003 0.000755271 0.000653743 0.000563369 0.000483112 0.000411949 0.000348891 0.000292979 0.000243293 0.00019895 0.000159105 0.000122948 8.97018e-05 5.86133e-05 2.89517e-05 0  
0 3.25819e-05 6.59626e-05 0.000100949 0.000138364 0.000179053 0.000223892 0.000273793 0.000329706 0.000392624 0.000463583 0.00054366 0.000633972 0.000735666 0.00084991 0.000977886 0.00112077 0.00127971 0.00145581 0.00165011 0.00186355 0.00209695 0.00235095 0.00262603 0.00292242 0.00324012 0.00357882 0.0039379 0.00431642 0.00471305 0.00512611 0.00555353 0.00599284 0.00644124 0.00689554 0.00735224 0.00780755 0.00825743 0.00869767 0.00912391 0.00953178 0.00991687 0.0102749 0.0106018 0.0108938 0.0111472 0.0113591 0.0115267 0.011648 0.0117213 0.0117459 0.0117213 0.011648 0.0115267 0.0113591 0.0111472 0.0108938 0.0106018 0.0102749 0.00991687 0.00953178 0.00912391 0.00869767 0.00825743 0.00780755 0.00735224 0.00689554 0.00644124 0.00599284 0.00555353 0.00512611 0.00471305 0.00431642 0.0039379 0.00357882 0.00324012 0.00292242 0.00262603 0.00235095 0.00209695 0.00186355 0.00165011 0.00145581 0.00127971 0.00112077 0.000977886 0.00084991 0.000735666 0.000633972 0.00054366 0.000463583 0.000392624 0.000329706 0.000273793 0.000223892 0.000179053 0.000138364 0.000100949 6.59626e-05 3.25819e-05 0  
0 3.65332e-05 7.39619e-05 0.000113191 0.000155142 0.000200765 0.00025104 0.00030699 0.00036968 0.000440223 0.000519781 0.000609562 0.000710815 0.000824829 0.000952912 0.00109639 0.00125657 0.00143476 0.00163219 0.00185002 0.0020893 0.00235095 0.0026357 0.00294408 0.00327635 0.00363249 0.00401218 0.00441472 0.00483903 0.00528366 0.00574669 0.00622581 0.00671828 0.00722092 0.00773017 0.00824211 0.00875248 0.00925678 0.00975025 0.0102281 0.0106852 0.0111169 0.0115183 0.0118847 0.0122119 0.012496 0.0127335 0.0129214 0.0130573 0.0131396 0.0131671 0.0131396 0.0130573 0.0129214 0.0127335 0.012496 0.0122119 0.0118847 0.0115183 0.0111169 0.0106852 0.0102281 0.00975025 0.00925678 0.00875248 0.00824211 0.00773017 0.00722092 0.00671828 0.00622581 0.00574669 0.00528366 0.00483903 0.00441472 0.00401218 0.00363249 0.00327635 0.00294408 0.0026357 0.00235095 0.0020893 0.00185002 0.00163219 0.00143476 0.00125657 0.00109639 0.000952912 0.000824829 0.000710815 0.000609562 0.000519781 0.000440223 0.00036968 0.00030699 0.00025104 0.000200765 0.000155142 0.000113191 7.39619e-05 3.65332e-05 0  
0 4.08129e-05 8.26261e-05 0.00012645 0.000173315 0.000224281 0.000280444 0.000342945 0.000412975 0.000491776 0.000580647 0.000680936 0.00079404 0.000921396 0.00106447 0.00122473 0.00140366 0.00160269 0.00182321 0.00206651 0.00233378 0.00262603 0.00294408 0.00328851 0.00365962 0.0040574 0.00448148 0.00493107 0.00540498 0.00590157 0.00641871 0.00695383 0.00750384 0.00806521 0.00863396 0.00920571 0.00977571 0.0103389 0.01089 0.0114237 0.0119343 0.0124163 0.0128646 0.0132738 0.0136393 0.0139566 0.0142217 0.0144316 0.0145834 0.0146753 0.014706 0.0146753 0.0145834 0.0144316 0.0142217 0.0139566 0.0136393 0.0132738 0.0128646 0.0124163 0.0119343 0.0114237 0.01089 0.0103389 0.00977571 0.00920571 0.00863396 0.00806521 0.00750384 0.00695383 0.00641871 0.00590157 0.00540498 0.00493107 0.00448148 0.0040574 0.00365962 0.00328851 0.00294408 0.00262603 0.00233378 0.00206651 0.00182321 0.00160269 0.00140366 0.00122473 0.00106447 0.000921396 0.00079404 0.000680936 0.000580647 0.000491776 0.000412975 0.000342945 0.000280444 0.000224281 0.000173315 0.00012645 8.26261e-05 4.08129e-05 0  
0 4.54249e-05 9.19629e-05 0.000140739 0.000192899 0.000249622 0.00031213 0.00038169 0.000459629 0.00054733 0.000646236 0.000757848 0.000883721 0.00102545 0.00118467 0.00136302 0.00156214 0.00178363 0.00202903 0.00229979 0.00259721 0.00292242 0.00327635 0.00365962 0.00407259 0.00451523 0.00498712 0.0054874 0.00601475 0.00656732 0.00714276 0.0077382 0.0083502 0.00897485 0.0096077 0.0102439 0.0108781 0.0115048 0.012118 0.0127118 0.0132799 0.0138163 0.0143151 0.0147704 0.015177 0.0155301 0.0158251 0.0160586 0.0162275 0.0163297 0.0163639 0.0163297 0.0162275 0.0160586 0.0158251 0.0155301 0.015177 0.0147704 0.0143151 0.0138163 0.0132799 0.0127118 0.012118 0.0115048 0.0108781 0.0102439 0.0096077 0.00897485 0.0083502 0.0077382 0.00714276 0.00656732 0.00601475 0.0054874 0.00498712 0.00451523 0.00407259 0.00365962 0.00327635 0.00292242 0.00259721 0.00229979 0.00202903 0.00178363 0.00156214 0.00136302 0.00118467 0.00102545 0.000883721 0.000757848 0.000646236 0.00054733 0.000459629 0.00038169 0.00031213 0.000249622 0.000192899 0.000140739 9.19629e-05 4.54249e-05 0  
0 5.0369e-05 0.000101972 0.000156056 0.000213893 0.000276789 0.000346097 0.000423225 0.000509643 0.000606883 0.000716545 0.000840295 0.000979855 0.001137 0.00131353 0.00151126 0.00173203 0.00197759 0.00224966 0.00254984 0.00287957 0.00324012 0.00363249 0.0040574 0.00451523 0.00500594 0.00552908 0.0060837 0.00666831 0.00728088 0.0079188 0.00857888 0.00925733 0.00994979 0.0106513 0.0113566 0.0120597 0.0127544 0.0134341 0.0140923 0.0147221 0.0153167 0.0158696 0.0163744 0.0168251 0.0172164 0.0175435 0.0178023 0.0179896 0.0181029 0.0181408 0.0181029 0.0179896 0.0178023 0.0175435 0.0172164 0.0168251 0.0163744 0.0158696 0.0153167 0.0147221 0.0140923 0.0134341 0.0127544 0.0120597 0.0113566 0.0106513 0.00994979 0.00925733 0.00857888 0.0079188 0.00728088 0.00666831 0.0060837 0.00552908 0.00500594 0.00451523 0.0040574 0.00363249 0.00324012 0.00287957 0.00254984 0.00224966 0.00197759 0.00173203 0.00151126 0.00131353 0.001137 0.000979855 0.000840295 0.000716545 0.000606883 0.000509643 0.000423225 0.000346097 0.000276789 0.000213893 0.000156056 0.000101972 5.0369e-05 0  
0 5.56406e-05 0.000112644 0.000172389 0.000236277 0.000305754 0.000382314 0.000467511 0.000562968 0.000670378 0.000791509 0.000928199 0.00108235 0.00125592 0.0014509 0.00166931 0.00191315 0.00218437 0.00248487 0.00281642 0.0031806 0.00357882 0.00401218 0.00448148 0.00498712 0.00552908 0.00610686 0.00671938 0.00736504 0.00804157 0.0087461 0.00947509 0.0102244 0.0109891 0.0117639 0.0125427 0.0133192 0.0140864 0.0148371 0.015564 0.0162595 0.0169162 0.0175267 0.0180842 0.018582 0.0190141 0.0193753 0.0196611 0.0198679 0.019993 0.0200349 0.019993 0.0198679 0.0196611 0.0193753 0.0190141 0.018582 0.0180842 0.0175267 0.0169162 0.0162595 0.015564 0.0148371 0.0140864 0.0133192 0.0125427 0.0117639 0.0109891 0.0102244 0.00947509 0.0087461 0.00804157 0.00736504 0.00671938 0.00610686 0.00552908 0.00498712 0.00448148 0.00401218 0.00357882 0.0031806 0.00281642 0.00248487 0.00218437 0.00191315 0.00166931 0.0014509 0.00125592 0.00108235 0.000928199 0.000791509 0.000670378 0.000562968 0.000467511 0.000382314 0.000305754 0.000236277 0.000172389 0.000112644 5.56406e-05 0  
0 6.12302e-05 0.00012396 0.000189706 0.000260012 0.000336466 0.000420715 0.000514467 0.000619507 0.000737701 0.000870991 0.0010214 0.00119102 0.00138201 0.00159656 0.00183688 0.00210518 0.00240361 0.00273425 0.00309905 0.00349976 0.0039379 0.00441472 0.00493107 0.0054874 0.0060837 0.00671938 0.00739331 0.00810367 0.008848 0.00962313 0.0104252 0.0112495 0.0120909 0.0129433 0.0138002 0.0146544 0.0154985 0.0163244 0.0171241 0.0178892 0.0186117 0.0192834 0.0198967 0.0204443 0.0209197 0.0213171 0.0216316 0.0218591 0.0219967 0.0220428 0.0219967 0.0218591 0.0216316 0.0213171 0.0209197 0.0204443 0.0198967 0.0192834 0.0186117 0.0178892 0.0171241 0.0163244 0.0154985 0.0146544 0.0138002 0.0129433 0.0120909 0.0112495 0.0104252 0.00962313 0.008848 0.00810367 0.00739331 0.00671938 0.0060837 0.0054874 0.00493107 0.00441472 0.0039379 0.00349976 0.00309905 0.00273425 0.00240361 0.00210518 0.00183688 0.00159656 0.00138201 0.00119102 0.0010214 0.000870991 0.000737701 0.000619507 0.000514467 0.000420715 0.000336466 0.000260012 0.000189706 0.00012396 6.12302e-05 0  
0 6.7123e-05 0.00013589 0.000207963 0.000285034 0.000368844 0.000461198 0.000563968 0.000679112 0.000808673 0.000954781 0.00111965 0.00130558 0.00151493 0.0017501 0.00201352 0.00230761 0.00263472 0.00299713 0.00339698 0.00383618 0.00431642 0.00483903 0.00540498 0.00601475 0.00666831 0.00736504 0.00810367 0.00888224 0.00969803 0.0105476 0.0114266 0.0123301 0.0132522 0.0141864 0.0151255 0.0160618 0.0169868 0.017892 0.0187684 0.019607 0.0203988 0.0211349 0.0218071 0.0224072 0.0229283 0.0233638 0.0237084 0.0239577 0.0241086 0.0241591 0.0241086 0.0239577 0.0237084 0.0233638 0.0229283 0.0224072 0.0218071 0.0211349 0.0203988 0.019607 0.0187684 0.017892 0.0169868 0.0160618 0.0151255 0.0141864 0.0132522 0.0123301 0.0114266 0.0105476 0.00969803 0.00888224 0.00810367 0.00736504 0.00666831 0.00601475 0.00540498 0.00483903 0.00431642 0.00383618 0.00339698 0.00299713 0.00263472 0.00230761 0.00201352 0.0017501 0.00151493 0.00130558 0.00111965 0.000954781 0.000808673 0.000679112 0.000563968 0.000461198 0.000368844 0.000285034 0.000207963 0.00013589 6.7123e-05 0  
0 7.32985e-05 0.000148392 0.000227095 0.000311256 0.000402775 0.000503622 0.000615844 0.000741576 0.000883048 0.00104259 0.00122262 0.00142564 0.00165422 0.00191101 0.00219863 0.00251973 0.00287689 0.0032726 0.00370917 0.00418871 0.00471305 0.00528366 0.00590157 0.00656732 0.00728088 0.00804157 0.008848 0.00969803 0.0105887 0.0115162 0.0124759 0.0134623 0.014469 0.015489 0.0165142 0.0175364 0.0185463 0.0195345 0.0204913 0.0214068 0.0222712 0.0230749 0.0238087 0.0244639 0.0250327 0.0255082 0.0258844 0.0261566 0.0263213 0.0263764 0.0263213 0.0261566 0.0258844 0.0255082 0.0250327 0.0244639 0.0238087 0.0230749 0.0222712 0.0214068 0.0204913 0.0195345 0.0185463 0.0175364 0.0165142 0.015489 0.014469 0.0134623 0.0124759 0.0115162 0.0105887 0.00969803 0.008848 0.00804157 0.00728088 0.00656732 0.00590157 0.00528366 0.00471305 0.00418871 0.00370917 0.0032726 0.00287689 0.00251973 0.00219863 0.00191101 0.00165422 0.00142564 0.00122262 0.00104259 0.000883048 0.000741576 0.000615844 0.000503622 0.000402775 0.000311256 0.000227095 0.000148392 7.32985e-05 0  
0 7.97305e-05 0.000161414 0.000247022 0.000338567 0.000438115 0.000547809 0.000669873 0.000806632 0.00096051 0.00113404 0.00132985 0.00155067 0.00179929 0.00207858 0.00239141 0.00274065 0.0031291 0.00355948 0.00403429 0.00455584 0.00512611 0.00574669 0.00641871 0.00714276 0.0079188 0.0087461 0.00962313 0.0105476 0.0115162 0.0125249 0.0135686 0.0146413 0.0157361 0.0168453 0.0179603 0.0190719 0.0201702 0.0212449 0.0222854 0.023281 0.024221 0.025095 0.025893 0.0266055 0.0272241 0.0277412 0.0281503 0.0284463 0.0286254 0.0286853 0.0286254 0.0284463 0.0281503 0.0277412 0.0272241 0.0266055 0.025893 0.025095 0.024221 0.023281 0.0222854 0.0212449 0.0201702 0.0190719 0.0179603 0.0168453 0.0157361 0.0146413 0.0135686 0.0125249 0.0115162 0.0105476 0.00962313 0.0087461 0.0079188 0.00714276 0.00641871 0.00574669 0.00512611 0.00455584 0.00403429 0.00355948 0.0031291 0.00274065 0.00239141 0.00207858 0.00179929 0.00155067 0.00132985 0.00113404 0.00096051 0.000806632 0.000669873 0.000547809 0.000438115 0.000338567 0.000247022 0.000161414 7.97305e-05 0  
0 8.63868e-05 0.000174889 0.000267644 0.00036683 0.000474687 0.000593535 0.000725785 0.000873954 0.00104067 0.00122867 0.00144082 0.00168005 0.00194941 0.00225198 0.0025909 0.00296925 0.00339009 0.00385633 0.00437072 0.00493574 0.00555353 0.00622581 0.00695383 0.0077382 0.00857888 0.00947509 0.0104252 0.0114266 0.0124759 0.0135686 0.0146992 0.0158612 0.0170472 0.0182488 0.0194566 0.0206607 0.0218504 0.0230146 0.0241417 0.0252202 0.0262384 0.0271851 0.0280495 0.0288214 0.0294914 0.0300515 0.0304947 0.0308153 0.0310093 0.0310743 0.0310093 0.0308153 0.0304947 0.0300515 0.0294914 0.0288214 0.0280495 0.0271851 0.0262384 0.0252202 0.0241417 0.0230146 0.0218504 0.0206607 0.0194566 0.0182488 0.0170472 0.0158612 0.0146992 0.0135686 0.0124759 0.0114266 0.0104252 0.00947509 0.00857888 0.0077382 0.00695383 0.00622581 0.00555353 0.00493574 0.00437072 0.00385633 0.00339009 0.00296925 0.0025909 0.00225198 0.00194941 0.00168005 0.00144082 0.00122867 0.00104067 0.000873954 0.000725785 0.000593535 0.000474687 0.00036683 0.000267644 0.000174889 8.63868e-05 0  
0 9.32291e-05 0.000188741 0.000288842 0.000395882 0.00051228 0.000640538 0.000783258 0.000943157 0.00112307 0.00132595 0.00155488 0.00181305 0.00210371 0.00243023 0.00279595 0.00320423 0.00365835 0.00416146 0.00471653 0.00532622 0.00599284 0.00671828 0.00750384 0.0083502 0.00925733 0.0102244 0.0112495 0.0123301 0.0134623 0.0146413 0.0158612 0.0171151 0.0183947 0.0196912 0.0209944 0.0222936 0.0235773 0.0248334 0.0260495 0.0272131 0.0283118 0.0293333 0.0302659 0.0310987 0.0318217 0.032426 0.0329041 0.0332501 0.0334594 0.0335295 0.0334594 0.0332501 0.0329041 0.032426 0.0318217 0.0310987 0.0302659 0.0293333 0.0283118 0.0272131 0.0260495 0.0248334 0.0235773 0.0222936 0.0209944 0.0196912 0.0183947 0.0171151 0.0158612 0.0146413 0.0134623 0.0123301 0.0112495 0.0102244 0.00925733 0.0083502 0.00750384 0.00671828 0.00599284 0.00532622 0.00471653 0.00416146 0.00365835 0.00320423 0.00279595 0.00243023 0.00210371 0.00181305 0.00155488 0.00132595 0.00112307 0.000943157 0.000783258 0.000640538 0.00051228 0.000395882 0.000288842 0.000188741 9.32291e-05 0  
0 0.000100214 0.000202881 0.00031048 0.000425538 0.000550654 0.000688517 0.000841925 0.00101379 0.00120718 0.00142525 0.00167131 0.0019488 0.00226122 0.00261216 0.00300524 0.00344407 0.00393216 0.0044729 0.00506948 0.00572476 0.00644124 0.00722092 0.00806521 0.00897485 0.00994979 0.0109891 0.0120909 0.0132522 0.014469 0.0157361 0.0170472 0.0183947 0.01977 0.0211633 0.0225639 0.0239602 0.0253397 0.0266896 0.0279966 0.0292471 0.0304279 0.0315256 0.0325279 0.0334229 0.0341999 0.0348493 0.0353631 0.0357349 0.0359599 0.0360352 0.0359599 0.0357349 0.0353631 0.0348493 0.0341999 0.0334229 0.0325279 0.0315256 0.0304279 0.0292471 0.0279966 0.0266896 0.0253397 0.0239602 0.0225639 0.0211633 0.01977 0.0183947 0.0170472 0.0157361 0.014469 0.0132522 0.0120909 0.0109891 0.00994979 0.00897485 0.00806521 0.00722092 0.00644124 0.00572476 0.00506948 0.0044729 0.00393216 0.00344407 0.00300524 0.00261216 0.00226122 0.0019488 0.00167131 0.00142525 0.00120718 0.00101379 0.000841925 0.000688517 0.000550654 0.000425538 0.00031048 0.000202881 0.000100214 0  
0 0.000107291 0.000217208 0.000332405 0.000455587 0.000589537 0.000737132 0.000901368 0.00108537 0.0012924 0.00152585 0.00178928 0.00208634 0.0024208 0.0027965 0.0032173 0.00368707 0.00420958 0.00478845 0.00542708 0.00612856 0.00689554 0.00773017 0.00863396 0.0096077 0.0106513 0.0117639 0.0129433 0.0141864 0.015489 0.0168453 0.0182488 0.0196912 0.0211633 0.0226547 0.024154 0.0256485 0.0271252 0.0285702 0.0299692 0.0313078 0.0325716 0.0337467 0.0348195 0.0357775 0.0366092 0.0373043 0.0378543 0.0382523 0.0384931 0.0385737 0.0384931 0.0382523 0.0378543 0.0373043 0.0366092 0.0357775 0.0348195 0.0337467 0.0325716 0.0313078 0.0299692 0.0285702 0.0271252 0.0256485 0.024154 0.0226547 0.0211633 0.0196912 0.0182488 0.0168453 0.015489 0.0141864 0.0129433 0.0117639 0.0106513 0.0096077 0.00863396 0.00773017 0.00689554 0.00612856 0.00542708 0.00478845 0.00420958 0.00368707 0.0032173 0.0027965 0.0024208 0.00208634 0.00178928 0.00152585 0.0012924 0.00108537 0.000901368 0.000737132 0.000589537 0.000455587 0.000332405 0.000217208 0.000107291 0  
0 0.000114405 0.000231612 0.000354448 0.000485798 0.000628627 0.000786007 0.000961129 0.00115732 0.00137807 0.001627 0.00190788 0.00222462 0.00258123 0.00298181 0.00343049 0.00393136 0.00448847 0.00510567 0.00578658 0.00653449 0.00735224 0.00824211 0.00920571 0.0102439 0.0113566 0.0125427 0.0138002 0.0151255 0.0165142 0.0179603 0.0194566 0.0209944 0.0225639 0.024154 0.0257523 0.0273457 0.02892 0.0304605 0.031952 0.0333791 0.0347265 0.0359792 0.037123 0.0381443 0.039031 0.0397721 0.0403585 0.0407827 0.0410394 0.0411254 0.0410394 0.0407827 0.0403585 0.0397721 0.039031 0.0381443 0.037123 0.0359792 0.0347265 0.0333791 0.031952 0.0304605 0.02892 0.0273457 0.0257523 0.024154 0.0225639 0.0209944 0.0194566 0.0179603 0.0165142 0.0151255 0.0138002 0.0125427 0.0113566 0.0102439 0.00920571 0.00824211 0.00735224 0.00653449 0.00578658 0.00510567 0.00448847 0.00393136 0.00343049 0.00298181 0.00258123 0.00222462 0.00190788 0.001627 0.00137807 0.00115732 0.000961129 0.000786007 0.000628627 0.000485798 0.000354448 0.000231612 0.000114405 0  
