0.001025
0 0 0 0 0 0 0 0 0 0 0 0 0 0 0 0 0 0 0 0 0 0 0 0 0 0 0 0 0 0 0 0 0 0 0 0 0 0 0 0 0 0 0 0 0 0 0 0 0 0 0 0 0 0 0 0 0 0 0 0 0 0 0 0 0 0 0 0 0 0 0 0 0 0 0 0 0 0 0 0 0 0 0 0 0 0 0 0 0 0 0 0 0 0 0 0 0 0 0 0 0  
0 0.000966871 0.00193279 0.0028968 0.00385795 0.00481529 0.00576788 0.00671478 0.00765505 0.00858777 0.00951201 0.0104269 0.0113314 0.0122248 0.0131061 0.0139745 0.0148291 0.0156691 0.0164936 0.0173018 0.0180929 0.0188662 0.0196209 0.0203562 0.0210714 0.0217658 0.0224388 0.0230896 0.0237176 0.0243222 0.0249028 0.0254588 0.0259897 0.0264949 0.0269741 0.0274265 0.027852 0.0282499 0.0286199 0.0289617 0.029275 0.0295593 0.0298145 0.0300402 0.0302363 0.0304025 0.0305388 0.0306449 0.0307208 0.0307663 0.0307815 0.0307663 0.0307208 0.0306449 0.0305388 0.0304025 0.0302363 0.0300402 0.0298145 0.0295593 0.029275 0.0289617 0.0286199 0.0282499 0.027852 0.0274265 0.0269741 0.0264949 0.0259897 0.0254588 0.0249028 0.0243222 0.0237176 0.0230896 0.0224388 0.0217658 0.0210714 0.0203562 0.0196209 0.0188662 0.0180929 0.0173018 0.0164936 0.0156691 0.0148291 0.0139745 0.0131061 0.0122248 0.0113314 0.0104269 0.00951201 0.00858777 0.00765505 0.00671478 0.00576788 0.00481529 0.00385795 0.0028968 0.00193279 0.000966871 0  
0 0.00193279 0.00386367 0.00579073 0.00771209 0.00962583 0.0115301 0.0134229 0.0153026 0.0171671 0.0190146 0.0208434 0.0226517 0.0244376 0.0261993 0.0279352 0.0296436 0.0313227 0.0329708 0.0345865 0.036168 0.0377138 0.0392224 0.0406923 0.042122 0.0435102 0.0448554 0.0461563 0.0474117 0.0486203 0.049781 0.0508925 0.0519537 0.0529637 0.0539215 0.054826 0.0556764 0.0564719 0.0572116 0.0578949 0.058521 0.0590894 0.0595995 0.0600508 0.0604427 0.0607751 0.0610475 0.0612596 0.0614112 0.0615023 0.0615327 0.0615023 0.0614112 0.0612596 0.0610475 0.0607751 0.0604427 0.0600508 0.0595995 0.0590894 0.058521 0.0578949 0.0572116 0.0564719 0.0556764 0.054826 0.0539215 0.0529637 0.0519537 0.0508925 0.049781 0.0486203 0.0474117 0.0461563 0.0448554 0.0435102 0.042122 0.0406923 0.0392224 0.0377138 0.036168 0.0345865 0.0329708 0.0313227 0.0296436 0.0279352 0.0261993 0.0244376 0.0226517 0.0208434 0.0190146 0.0171671 0.0153026 0.0134229 0.0115301 0.00962583 0.00771209 0.00579073 0.00386367 0.00193279 0  
0 0.0028968 0.00579073 0.00867896 0.0115586 0.0144269 0.0172809 0.0201178 0.0229349 0.0257294 0.0284985 0.0312395 0.0339496 0.0366262 0.0392667 0.0418684 0.0444288 0.0469454 0.0494156 0.0518371 0.0542074 0.0565242 0.0587852 0.0609882 0.063131 0.0652116 0.0672277 0.0691775 0.0710591 0.0728705 0.07461 0.0762759 0.0778665 0.0793803 0.0808157 0.0821714 0.0834459 0.0846382 0.0857468 0.0867709 0.0877094 0.0885612 0.0893257 0.090002 0.0905896 0.0910877 0.0914959 0.0918138 0.0920411 0.0921776 0.0922231 0.0921776 0.0920411 0.0918138 0.0914959 0.0910877 0.0905896 0.090002 0.0893257 0.0885612 0.0877094 0.0867709 0.0857468 0.0846382 0.0834459 0.0821714 0.0808157 0.0793803 0.0778665 0.0762759 0.07461 0.0728705 0.0710591 0.0691775 0.0672277 0.0652116 0.063131 0.0609882 0.0587852 0.0565242 0.0542074 0.0518371 0.0494156 0.0469454 0.0444288 0.0418684 0.0392667 0.0366262 0.0339496 0.0312395 0.0284985 0.0257294 0.0229349 0.0201178 0.0172809 0.0144269 0.0115586 0.00867896 0.00579073 0.0028968 0  
0 0.00385795 0.00771209 0.0115586 0.0153937 0.0192137 0.0230146 0.0267929 0.0305447 0.0342664 0.0379542 0.0416046 0.045214 0.0487787 0.0522953 0.0557602 0.0591702 0.0625217 0.0658116 0.0690365 0.0721932 0.0752788 0.07829 0.081224 0.0840778 0.0868486 0.0895337 0.0921305 0.0946363 0.0970488 0.0993655 0.101584 0.103702 0.105718 0.10763 0.109436 0.111133 0.112721 0.114197 0.115561 0.116811 0.117946 0.118964 0.119865 0.120647 0.12131 0.121854 0.122277 0.12258 0.122762 0.122822 0.122762 0.12258 0.122277 0.121854 0.12131 0.120647 0.119865 0.118964 0.117946 0.116811 0.115561 0.114197 0.112721 0.111133 0.109436 0.10763 0.105718 0.103702 0.101584 0.0993655 0.0970488 0.0946363 0.0921305 0.0895337 0.0868486 0.0840778 0.081224 0.07829 0.0752788 0.0721932 0.0690365 0.0658116 0.0625217 0.0591702 0.0557602 0.0522953 0.0487787 0.045214 0.0416046 0.0379542 0.0342664 0.0305447 0.0267929 0.0230146 0.0192137 0.0153937 0.0115586 0.00771209 0.00385795 0  
0 0.00481529 0.00962583 0.0144269 0.0192137 0.0239815 0.0287257 0.0334415 0.0381243 0.0427695 0.0473725 0.0519287 0.0564337 0.060883 0.0652723 0.069597 0.0738532 0.0780364 0.0821426 0.0861678 0.0901079 0.0939591 0.0977175 0.10138 0.104942 0.1084 0.111751 0.114993 0.11812 0.121131 0.124023 0.126792 0.129436 0.131952 0.134338 0.136592 0.138711 0.140692 0.142535 0.144238 0.145798 0.147214 0.148484 0.149609 0.150585 0.151413 0.152092 0.15262 0.152998 0.153225 0.153301 0.153225 0.152998 0.15262 0.152092 0.151413 0.150585 0.149609 0.148484 0.147214 0.145798 0.144238 0.142535 0.140692 0.138711 0.136592 0.134338 0.131952 0.129436 0.126792 0.124023 0.121131 0.11812 0.114993 0.111751 0.1084 0.104942 0.10138 0.0977175 0.0939591 0.0901079 0.0861678 0.0821426 0.0780364 0.0738532 0.069597 0.0652723 0.060883 0.0564337 0.0519287 0.0473725 0.0427695 0.0381243 0.0334415 0.0287257 0.0239815 0.0192137 0.0144269 0.00962583 0.00481529 0  
0 0.00576788 0.0115301 0.0172809 0.0230146 0.0287257 0.0344084 0.0400571 0.0456663 0.0512305 0.056744 0.0622016 0.0675978 0.0729273 0.0781848 0.0833652 0.0884633 0.093474 0.0983926 0.103214 0.107934 0.112547 0.117049 0.121435 0.125702 0.129844 0.133859 0.137741 0.141487 0.145094 0.148558 0.151875 0.155042 0.158056 0.160914 0.163613 0.166151 0.168525 0.170733 0.172772 0.17464 0.176336 0.177859 0.179205 0.180375 0.181367 0.18218 0.182813 0.183265 0.183537 0.183628 0.183537 0.183265 0.182813 0.18218 0.181367 0.180375 0.179205 0.177859 0.176336 0.17464 0.172772 0.170733 0.168525 0.166151 0.163613 0.160914 0.158056 0.155042 0.151875 0.148558 0.145094 0.141487 0.137741 0.133859 0.129844 0.125702 0.121435 0.117049 0.112547 0.107934 0.103214 0.0983926 0.093474 0.0884633 0.0833652 0.0781848 0.0729273 0.0675978 0.0622016 0.056744 0.0512305 0.0456663 0.0400571 0.0344084 0.0287257 0.0230146 0.0172809 0.0115301 0.00576788 0  
0 0.00671478 0.0134229 0.0201178 0.0267929 0.0334415 0.0400571 0.0466332 0.0531632 0.0596408 0.0660596 0.0724131 0.0786952 0.0848996 0.0910202 0.097051 0.102986 0.108819 0.114545 0.120158 0.125653 0.131023 0.136264 0.141371 0.146338 0.151161 0.155834 0.160354 0.164715 0.168914 0.172946 0.176808 0.180495 0.184004 0.187331 0.190473 0.193428 0.196191 0.198761 0.201135 0.20331 0.205285 0.207057 0.208625 0.209987 0.211141 0.212088 0.212825 0.213351 0.213668 0.213773 0.213668 0.213351 0.212825 0.212088 0.211141 0.209987 0.208625 0.207057 0.205285 0.20331 0.201135 0.198761 0.196191 0.193428 0.190473 0.187331 0.184004 0.180495 0.176808 0.172946 0.168914 0.164715 0.160354 0.155834 0.151161 0.146338 0.141371 0.136264 0.131023 0.125653 0.120158 0.114545 0.108819 0.102986 0.097051 0.0910202 0.0848996 0.0786952 0.0724131 0.0660596 0.0596408 0.0531632 0.0466332 0.0400571 0.0334415 0.0267929 0.0201178 0.0134229 0.00671478 0  
0 0.00765505 0.0153026 0.0229349 0.0305447 0.0381243 0.0456663 0.0531632 0.0606077 0.0679924 0.0753099 0.0825531 0.0897149 0.0967881 0.103766 0.110641 0.117407 0.124057 0.130585 0.136984 0.143248 0.14937 0.155345 0.161167 0.16683 0.172328 0.177655 0.182808 0.18778 0.192567 0.197164 0.201566 0.205769 0.20977 0.213563 0.217145 0.220514 0.223664 0.226594 0.2293 0.23178 0.234031 0.236051 0.237839 0.239391 0.240708 0.241786 0.242626 0.243227 0.243588 0.243708 0.243588 0.243227 0.242626 0.241786 0.240708 0.239391 0.237839 0.236051 0.234031 0.23178 0.2293 0.226594 0.223664 0.220514 0.217145 0.213563 0.20977 0.205769 0.201566 0.197164 0.192567 0.18778 0.182808 0.177655 0.172328 0.16683 0.161167 0.155345 0.14937 0.143248 0.136984 0.130585 0.124057 0.117407 0.110641 0.103766 0.0967881 0.0897149 0.0825531 0.0753099 0.0679924 0.0606077 0.0531632 0.0456663 0.0381243 0.0305447 0.0229349 0.0153026 0.00765505 0  
0 0.00858777 0.0171671 0.0257294 0.0342664 0.0427695 0.0512305 0.0596408 0.0679924 0.0762768 0.0844859 0.0926117 0.100646 0.108581 0.116409 0.124122 0.131713 0.139173 0.146496 0.153675 0.160702 0.16757 0.174273 0.180804 0.187157 0.193325 0.199302 0.205082 0.21066 0.21603 0.221187 0.226126 0.230841 0.235329 0.239584 0.243603 0.247382 0.250916 0.254203 0.257239 0.260021 0.262546 0.264813 0.266818 0.268559 0.270036 0.271246 0.272189 0.272863 0.273267 0.273402 0.273267 0.272863 0.272189 0.271246 0.270036 0.268559 0.266818 0.264813 0.262546 0.260021 0.257239 0.254203 0.250916 0.247382 0.243603 0.239584 0.235329 0.230841 0.226126 0.221187 0.21603 0.21066 0.205082 0.199302 0.193325 0.187157 0.180804 0.174273 0.16757 0.160702 0.153675 0.146496 0.139173 0.131713 0.124122 0.116409 0.108581 0.100646 0.0926117 0.0844859 0.0762768 0.0679924 0.0596408 0.0512305 0.0427695 0.0342664 0.0257294 0.0171671 0.00858777 0  
0 0.00951201 0.0190146 0.0284985 0.0379542 0.0473725 0.056744 0.0660596 0.0753099 0.0844859 0.0935786 0.102579 0.111478 0.120267 0.128937 0.13748 0.145888 0.154151 0.162263 0.170214 0.177997 0.185605 0.193029 0.200263 0.207299 0.214131 0.220751 0.227154 0.233332 0.23928 0.244992 0.250462 0.255685 0.260656 0.265369 0.26982 0.274006 0.27792 0.281561 0.284924 0.288005 0.290802 0.293313 0.295534 0.297463 0.299098 0.300439 0.301483 0.302229 0.302677 0.302827 0.302677 0.302229 0.301483 0.300439 0.299098 0.297463 0.295534 0.293313 0.290802 0.288005 0.284924 0.281561 0.27792 0.274006 0.26982 0.265369 0.260656 0.255685 0.250462 0.244992 0.23928 0.233332 0.227154 0.220751 0.214131 0.207299 0.200263 0.193029 0.185605 0.177997 0.170214 0.162263 0.154151 0.145888 0.13748 0.128937 0.120267 0.111478 0.102579 0.0935786 0.0844859 0.0753099 0.0660596 0.056744 0.0473725 0.0379542 0.0284985 0.0190146 0.00951201 0  
0 0.0104269 0.0208434 0.0312395 0.0416046 0.0519287 0.0622016 0.0724131 0.0825531 0.0926117 0.102579 0.112445 0.1222 0.131834 0.141338 0.150703 0.159919 0.168977 0.177869 0.186585 0.195117 0.203456 0.211594 0.219524 0.227237 0.234726 0.241983 0.249001 0.255773 0.262294 0.268555 0.274551 0.280276 0.285725 0.290892 0.295771 0.300359 0.304651 0.308641 0.312327 0.315705 0.318772 0.321523 0.323958 0.326072 0.327865 0.329335 0.330479 0.331297 0.331788 0.331952 0.331788 0.331297 0.330479 0.329335 0.327865 0.326072 0.323958 0.321523 0.318772 0.315705 0.312327 0.308641 0.304651 0.300359 0.295771 0.290892 0.285725 0.280276 0.274551 0.268555 0.262294 0.255773 0.249001 0.241983 0.234726 0.227237 0.219524 0.211594 0.203456 0.195117 0.186585 0.177869 0.168977 0.159919 0.150703 0.141338 0.131834 0.1222 0.112445 0.102579 0.0926117 0.0825531 0.0724131 0.0622016 0.0519287 0.0416046 0.0312395 0.0208434 0.0104269 0  
0 0.0113314 0.0226517 0.0339496 0.045214 0.0564337 0.0675978 0.0786952 0.0897149 0.100646 0.111478 0.1222 0.132801 0.143271 0.1536 0.163777 0.173793 0.183637 0.1933 0.202772 0.212044 0.221106 0.229951 0.238568 0.24695 0.255089 0.262975 0.270603 0.277963 0.285048 0.291853 0.298369 0.304591 0.310513 0.316128 0.321431 0.326416 0.33108 0.335417 0.339423 0.343094 0.346426 0.349416 0.352062 0.35436 0.356309 0.357905 0.359149 0.360038 0.360572 0.36075 0.360572 0.360038 0.359149 0.357905 0.356309 0.35436 0.352062 0.349416 0.346426 0.343094 0.339423 0.335417 0.33108 0.326416 0.321431 0.316128 0.310513 0.304591 0.298369 0.291853 0.285048 0.277963 0.270603 0.262975 0.255089 0.24695 0.238568 0.229951 0.221106 0.212044 0.202772 0.1933 0.183637 0.173793 0.163777 0.1536 0.143271 0.132801 0.1222 0.111478 0.100646 0.0897149 0.0786952 0.0675978 0.0564337 0.045214 0.0339496 0.0226517 0.0113314 0  
0 0.0122248 0.0244376 0.0366262 0.0487787 0.060883 0.0729273 0.0848996 0.0967881 0.108581 0.120267 0.131834 0.143271 0.154567 0.16571 0.176689 0.187495 0.198115 0.208539 0.218758 0.228761 0.238539 0.24808 0.257377 0.26642 0.2752 0.283709 0.291937 0.299878 0.307522 0.314863 0.321893 0.328606 0.334994 0.341052 0.346773 0.352151 0.357183 0.361862 0.366183 0.370144 0.373739 0.376965 0.379819 0.382298 0.3844 0.386123 0.387465 0.388424 0.389 0.389192 0.389 0.388424 0.387465 0.386123 0.3844 0.382298 0.379819 0.376965 0.373739 0.370144 0.366183 0.361862 0.357183 0.352151 0.346773 0.341052 0.334994 0.328606 0.321893 0.314863 0.307522 0.299878 0.291937 0.283709 0.2752 0.26642 0.257377 0.24808 0.238539 0.228761 0.218758 0.208539 0.198115 0.187495 0.176689 0.16571 0.154567 0.143271 0.131834 0.120267 0.108581 0.0967881 0.0848996 0.0729273 0.060883 0.0487787 0.0366262 0.0244376 0.0122248 0  
0 0.0131061 0.0261993 0.0392667 0.0522953 0.0652723 0.0781848 0.0910202 0.103766 0.116409 0.128937 0.141338 0.1536 0.16571 0.177656 0.189427 0.201012 0.212397 0.223574 0.234529 0.245253 0.255735 0.265965 0.275932 0.285627 0.29504 0.304162 0.312984 0.321497 0.329692 0.337562 0.345099 0.352296 0.359144 0.365639 0.371772 0.377539 0.382933 0.387949 0.392582 0.396828 0.400682 0.404141 0.407201 0.409859 0.412113 0.41396 0.415398 0.416426 0.417044 0.41725 0.417044 0.416426 0.415398 0.41396 0.412113 0.409859 0.407201 0.404141 0.400682 0.396828 0.392582 0.387949 0.382933 0.377539 0.371772 0.365639 0.359144 0.352296 0.345099 0.337562 0.329692 0.321497 0.312984 0.304162 0.29504 0.285627 0.275932 0.265965 0.255735 0.245253 0.234529 0.223574 0.212397 0.201012 0.189427 0.177656 0.16571 0.1536 0.141338 0.128937 0.116409 0.103766 0.0910202 0.0781848 0.0652723 0.0522953 0.0392667 0.0261993 0.0131061 0  
0 0.0139745 0.0279352 0.0418684 0.0557602 0.069597 0.0833652 0.097051 0.110641 0.124122 0.13748 0.150703 0.163777 0.176689 0.189427 0.201978 0.21433 0.22647 0.238387 0.250069 0.261503 0.27268 0.283587 0.294215 0.304552 0.314589 0.324315 0.333721 0.342798 0.351537 0.359928 0.367965 0.375638 0.382941 0.389865 0.396405 0.402554 0.408305 0.413654 0.418594 0.423121 0.427231 0.430919 0.434181 0.437016 0.439418 0.441388 0.442921 0.444018 0.444676 0.444896 0.444676 0.444018 0.442921 0.441388 0.439418 0.437016 0.434181 0.430919 0.427231 0.423121 0.418594 0.413654 0.408305 0.402554 0.396405 0.389865 0.382941 0.375638 0.367965 0.359928 0.351537 0.342798 0.333721 0.324315 0.314589 0.304552 0.294215 0.283587 0.27268 0.261503 0.250069 0.238387 0.22647 0.21433 0.201978 0.189427 0.176689 0.163777 0.150703 0.13748 0.124122 0.110641 0.097051 0.0833652 0.069597 0.0557602 0.0418684 0.0279352 0.0139745 0  
0 0.0148291 0.0296436 0.0444288 0.0591702 0.0738532 0.0884633 0.102986 0.117407 0.131713 0.145888 0.159919 0.173793 0.187495 0.201012 0.21433 0.227437 0.24032 0.252965 0.265361 0.277495 0.289355 0.30093 0.312207 0.323177 0.333827 0.344148 0.35413 0.363762 0.373034 0.381939 0.390467 0.39861 0.406359 0.413707 0.420647 0.427171 0.433275 0.43895 0.444193 0.448997 0.453357 0.457271 0.460733 0.463741 0.466291 0.46838 0.470008 0.471171 0.47187 0.472103 0.47187 0.471171 0.470008 0.46838 0.466291 0.463741 0.460733 0.457271 0.453357 0.448997 0.444193 0.43895 0.433275 0.427171 0.420647 0.413707 0.406359 0.39861 0.390467 0.381939 0.373034 0.363762 0.35413 0.344148 0.333827 0.323177 0.312207 0.30093 0.289355 0.277495 0.265361 0.252965 0.24032 0.227437 0.21433 0.201012 0.187495 0.173793 0.159919 0.145888 0.131713 0.117407 0.102986 0.0884633 0.0738532 0.0591702 0.0444288 0.0296436 0.0148291 0  
0 0.0156691 0.0313227 0.0469454 0.0625217 0.0780364 0.093474 0.108819 0.124057 0.139173 0.154151 0.168977 0.183637 0.198115 0.212397 0.22647 0.24032 0.253932 0.267294 0.280392 0.293213 0.305745 0.317975 0.329891 0.341482 0.352736 0.363642 0.374188 0.384366 0.394164 0.403573 0.412584 0.421188 0.429376 0.43714 0.444473 0.451368 0.457816 0.463813 0.469353 0.474429 0.479037 0.483172 0.48683 0.490008 0.492702 0.49491 0.49663 0.49786 0.498598 0.498844 0.498598 0.49786 0.49663 0.49491 0.492702 0.490008 0.48683 0.483172 0.479037 0.474429 0.469353 0.463813 0.457816 0.451368 0.444473 0.43714 0.429376 0.421188 0.412584 0.403573 0.394164 0.384366 0.374188 0.363642 0.352736 0.341482 0.329891 0.317975 0.305745 0.293213 0.280392 0.267294 0.253932 0.24032 0.22647 0.212397 0.198115 0.183637 0.168977 0.154151 0.139173 0.124057 0.108819 0.093474 0.0780364 0.0625217 0.0469454 0.0313227 0.0156691 0  
0 0.0164936 0.0329708 0.0494156 0.0658116 0.0821426 0.0983926 0.114545 0.130585 0.146496 0.162263 0.177869 0.1933 0.208539 0.223574 0.238387 0.252965 0.267294 0.281359 0.295146 0.308642 0.321833 0.334707 0.34725 0.359451 0.371297 0.382776 0.393878 0.404591 0.414905 0.424809 0.434294 0.44335 0.451969 0.460142 0.467861 0.475118 0.481906 0.488219 0.49405 0.499393 0.504243 0.508596 0.512447 0.515792 0.518628 0.520952 0.522762 0.524057 0.524834 0.525093 0.524834 0.524057 0.522762 0.520952 0.518628 0.515792 0.512447 0.508596 0.504243 0.499393 0.49405 0.488219 0.481906 0.475118 0.467861 0.460142 0.451969 0.44335 0.434294 0.424809 0.414905 0.404591 0.393878 0.382776 0.371297 0.359451 0.34725 0.334707 0.321833 0.308642 0.295146 0.281359 0.267294 0.252965 0.238387 0.223574 0.208539 0.1933 0.177869 0.162263 0.146496 0.130585 0.114545 0.0983926 0.0821426 0.0658116 0.0494156 0.0329708 0.0164936 0  
0 0.0173018 0.0345865 0.0518371 0.0690365 0.0861678 0.103214 0.120158 0.136984 0.153675 0.170214 0.186585 0.202772 0.218758 0.234529 0.250069 0.265361 0.280392 0.295146 0.309609 0.323766 0.337604 0.351108 0.364266 0.377065 0.389491 0.401533 0.413179 0.424417 0.435236 0.445625 0.455575 0.465076 0.474117 0.48269 0.490787 0.4984 0.505521 0.512143 0.518259 0.523864 0.528952 0.533518 0.537558 0.541067 0.544042 0.54648 0.548379 0.549736 0.550552 0.550823 0.550552 0.549736 0.548379 0.54648 0.544042 0.541067 0.537558 0.533518 0.528952 0.523864 0.518259 0.512143 0.505521 0.4984 0.490787 0.48269 0.474117 0.465076 0.455575 0.445625 0.435236 0.424417 0.413179 0.401533 0.389491 0.377065 0.364266 0.351108 0.337604 0.323766 0.309609 0.295146 0.280392 0.265361 0.250069 0.234529 0.218758 0.202772 0.186585 0.170214 0.153675 0.136984 0.120158 0.103214 0.0861678 0.0690365 0.0518371 0.0345865 0.0173018 0  
0 0.0180929 0.036168 0.0542074 0.0721932 0.0901079 0.107934 0.125653 0.143248 0.160702 0.177997 0.195117 0.212044 0.228761 0.245253 0.261503 0.277495 0.293213 0.308642 0.323766 0.33857 0.353041 0.367163 0.380922 0.394306 0.407301 0.419893 0.432072 0.443824 0.455137 0.466002 0.476407 0.486342 0.495796 0.504762 0.513229 0.52119 0.528636 0.535561 0.541957 0.547818 0.553139 0.557914 0.562138 0.565808 0.568919 0.571468 0.573454 0.574874 0.575726 0.57601 0.575726 0.574874 0.573454 0.571468 0.568919 0.565808 0.562138 0.557914 0.553139 0.547818 0.541957 0.535561 0.528636 0.52119 0.513229 0.504762 0.495796 0.486342 0.476407 0.466002 0.455137 0.443824 0.432072 0.419893 0.407301 0.394306 0.380922 0.367163 0.353041 0.33857 0.323766 0.308642 0.293213 0.277495 0.261503 0.245253 0.228761 0.212044 0.195117 0.177997 0.160702 0.143248 0.125653 0.107934 0.0901079 0.0721932 0.0542074 0.036168 0.0180929 0  
0 0.0188662 0.0377138 0.0565242 0.0752788 0.0939591 0.112547 0.131023 0.14937 0.16757 0.185605 0.203456 0.221106 0.238539 0.255735 0.27268 0.289355 0.305745 0.321833 0.337604 0.353041 0.36813 0.382855 0.397203 0.411159 0.424709 0.43784 0.450538 0.462793 0.47459 0.485919 0.496768 0.507128 0.516987 0.526335 0.535164 0.543465 0.55123 0.558451 0.56512 0.571232 0.57678 0.581759 0.586164 0.58999 0.593234 0.595893 0.597963 0.599444 0.600333 0.600629 0.600333 0.599444 0.597963 0.595893 0.593234 0.58999 0.586164 0.581759 0.57678 0.571232 0.56512 0.558451 0.55123 0.543465 0.535164 0.526335 0.516987 0.507128 0.496768 0.485919 0.47459 0.462793 0.450538 0.43784 0.424709 0.411159 0.397203 0.382855 0.36813 0.353041 0.337604 0.321833 0.305745 0.289355 0.27268 0.255735 0.238539 0.221106 0.203456 0.185605 0.16757 0.14937 0.131023 0.112547 0.0939591 0.0752788 0.0565242 0.0377138 0.0188662 0  
0 0.0196209 0.0392224 0.0587852 0.07829 0.0977175 0.117049 0.136264 0.155345 0.174273 0.193029 0.211594 0.229951 0.24808 0.265965 0.283587 0.30093 0.317975 0.334707 0.351108 0.367163 0.382855 0.39817 0.413092 0.427606 0.441698 0.455354 0.46856 0.481305 0.493574 0.505356 0.51664 0.527413 0.537667 0.547389 0.556571 0.565204 0.57328 0.580789 0.587726 0.594082 0.599852 0.60503 0.609611 0.61359 0.616964 0.619729 0.621882 0.623422 0.624346 0.624655 0.624346 0.623422 0.621882 0.619729 0.616964 0.61359 0.609611 0.60503 0.599852 0.594082 0.587726 0.580789 0.57328 0.565204 0.556571 0.547389 0.537667 0.527413 0.51664 0.505356 0.493574 0.481305 0.46856 0.455354 0.441698 0.427606 0.413092 0.39817 0.382855 0.367163 0.351108 0.334707 0.317975 0.30093 0.283587 0.265965 0.24808 0.229951 0.211594 0.193029 0.174273 0.155345 0.136264 0.117049 0.0977175 0.07829 0.0587852 0.0392224 0.0196209 0  
0 0.0203562 0.0406923 0.0609882 0.081224 0.10138 0.121435 0.141371 0.161167 0.180804 0.200263 0.219524 0.238568 0.257377 0.275932 0.294215 0.312207 0.329891 0.34725 0.364266 0.380922 0.397203 0.413092 0.428572 0.44363 0.45825 0.472418 0.48612 0.499342 0.512071 0.524295 0.536001 0.547179 0.557816 0.567903 0.577429 0.586386 0.594764 0.602555 0.609751 0.616346 0.622332 0.627704 0.632457 0.636585 0.640085 0.642954 0.645188 0.646785 0.647744 0.648064 0.647744 0.646785 0.645188 0.642954 0.640085 0.636585 0.632457 0.627704 0.622332 0.616346 0.609751 0.602555 0.594764 0.586386 0.577429 0.567903 0.557816 0.547179 0.536001 0.524295 0.512071 0.499342 0.48612 0.472418 0.45825 0.44363 0.428572 0.413092 0.397203 0.380922 0.364266 0.34725 0.329891 0.312207 0.294215 0.275932 0.257377 0.238568 0.219524 0.200263 0.180804 0.161167 0.141371 0.121435 0.10138 0.081224 0.0609882 0.0406923 0.0203562 0  
0 0.0210714 0.042122 0.063131 0.0840778 0.104942 0.125702 0.146338 0.16683 0.187157 0.207299 0.227237 0.24695 0.26642 0.285627 0.304552 0.323177 0.341482 0.359451 0.377065 0.394306 0.411159 0.427606 0.44363 0.459217 0.474351 0.489017 0.5032 0.516886 0.530063 0.542716 0.554834 0.566404 0.577415 0.587856 0.597717 0.606989 0.615661 0.623726 0.631175 0.638001 0.644197 0.649758 0.654678 0.658952 0.662575 0.665544 0.667857 0.66951 0.670503 0.670834 0.670503 0.66951 0.667857 0.665544 0.662575 0.658952 0.654678 0.649758 0.644197 0.638001 0.631175 0.623726 0.615661 0.606989 0.597717 0.587856 0.577415 0.566404 0.554834 0.542716 0.530063 0.516886 0.5032 0.489017 0.474351 0.459217 0.44363 0.427606 0.411159 0.394306 0.377065 0.359451 0.341482 0.323177 0.304552 0.285627 0.26642 0.24695 0.227237 0.207299 0.187157 0.16683 0.146338 0.125702 0.104942 0.0840778 0.063131 0.042122 0.0210714 0  
0 0.0217658 0.0435102 0.0652116 0.0868486 0.1084 0.129844 0.151161 0.172328 0.193325 0.214131 0.234726 0.255089 0.2752 0.29504 0.314589 0.333827 0.352736 0.371297 0.389491 0.407301 0.424709 0.441698 0.45825 0.474351 0.489984 0.505133 0.519783 0.533921 0.547531 0.560602 0.573119 0.58507 0.596444 0.607229 0.617415 0.626992 0.63595 0.644281 0.651975 0.659027 0.665427 0.671172 0.676253 0.680668 0.68441 0.687478 0.689866 0.691574 0.6926 0.692942 0.6926 0.691574 0.689866 0.687478 0.68441 0.680668 0.676253 0.671172 0.665427 0.659027 0.651975 0.644281 0.63595 0.626992 0.617415 0.607229 0.596444 0.58507 0.573119 0.560602 0.547531 0.533921 0.519783 0.505133 0.489984 0.474351 0.45825 0.441698 0.424709 0.407301 0.389491 0.371297 0.352736 0.333827 0.314589 0.29504 0.2752 0.255089 0.234726 0.214131 0.193325 0.172328 0.151161 0.129844 0.1084 0.0868486 0.0652116 0.0435102 0.0217658 0  
0 0.0224388 0.0448554 0.0672277 0.0895337 0.111751 0.133859 0.155834 0.177655 0.199302 0.220751 0.241983 0.262975 0.283709 0.304162 0.324315 0.344148 0.363642 0.382776 0.401533 0.419893 0.43784 0.455354 0.472418 0.489017 0.505133 0.52075 0.535853 0.550428 0.564459 0.577934 0.590838 0.603159 0.614884 0.626003 0.636504 0.646377 0.655612 0.6642 0.672133 0.679402 0.686001 0.691922 0.697161 0.701712 0.70557 0.708732 0.711195 0.712956 0.714013 0.714365 0.714013 0.712956 0.711195 0.708732 0.70557 0.701712 0.697161 0.691922 0.686001 0.679402 0.672133 0.6642 0.655612 0.646377 0.636504 0.626003 0.614884 0.603159 0.590838 0.577934 0.564459 0.550428 0.535853 0.52075 0.505133 0.489017 0.472418 0.455354 0.43784 0.419893 0.401533 0.382776 0.363642 0.344148 0.324315 0.304162 0.283709 0.262975 0.241983 0.220751 0.199302 0.177655 0.155834 0.133859 0.111751 0.0895337 0.0672277 0.0448554 0.0224388 0  
0 0.0230896 0.0461563 0.0691775 0.0921305 0.114993 0.137741 0.160354 0.182808 0.205082 0.227154 0.249001 0.270603 0.291937 0.312984 0.333721 0.35413 0.374188 0.393878 0.413179 0.432072 0.450538 0.46856 0.48612 0.5032 0.519783 0.535853 0.551395 0.566392 0.580831 0.594696 0.607974 0.620652 0.632718 0.644159 0.654965 0.665124 0.674627 0.683464 0.691627 0.699107 0.705897 0.71199 0.717381 0.722064 0.726034 0.729288 0.731822 0.733634 0.734722 0.735084 0.734722 0.733634 0.731822 0.729288 0.726034 0.722064 0.717381 0.71199 0.705897 0.699107 0.691627 0.683464 0.674627 0.665124 0.654965 0.644159 0.632718 0.620652 0.607974 0.594696 0.580831 0.566392 0.551395 0.535853 0.519783 0.5032 0.48612 0.46856 0.450538 0.432072 0.413179 0.393878 0.374188 0.35413 0.333721 0.312984 0.291937 0.270603 0.249001 0.227154 0.205082 0.182808 0.160354 0.137741 0.114993 0.0921305 0.0691775 0.0461563 0.0230896 0  
0 0.0237176 0.0474117 0.0710591 0.0946363 0.11812 0.141487 0.164715 0.18778 0.21066 0.233332 0.255773 0.277963 0.299878 0.321497 0.342798 0.363762 0.384366 0.404591 0.424417 0.443824 0.462793 0.481305 0.499342 0.516886 0.533921 0.550428 0.566392 0.581797 0.596629 0.610871 0.62451 0.637533 0.649927 0.66168 0.672779 0.683215 0.692976 0.702054 0.710438 0.718122 0.725096 0.731356 0.736893 0.741703 0.745782 0.749124 0.751727 0.753588 0.754705 0.755078 0.754705 0.753588 0.751727 0.749124 0.745782 0.741703 0.736893 0.731356 0.725096 0.718122 0.710438 0.702054 0.692976 0.683215 0.672779 0.66168 0.649927 0.637533 0.62451 0.610871 0.596629 0.581797 0.566392 0.550428 0.533921 0.516886 0.499342 0.481305 0.462793 0.443824 0.424417 0.404591 0.384366 0.363762 0.342798 0.321497 0.299878 0.277963 0.255773 0.233332 0.21066 0.18778 0.164715 0.141487 0.11812 0.0946363 0.0710591 0.0474117 0.0237176 0  
0 0.0243222 0.0486203 0.0728705 0.0970488 0.121131 0.145094 0.168914 0.192567 0.21603 0.23928 0.262294 0.285048 0.307522 0.329692 0.351537 0.373034 0.394164 0.414905 0.435236 0.455137 0.47459 0.493574 0.512071 0.530063 0.547531 0.564459 0.580831 0.596629 0.611838 0.626443 0.64043 0.653785 0.666495 0.678547 0.68993 0.700631 0.710641 0.71995 0.728549 0.736428 0.74358 0.749999 0.755678 0.760611 0.764793 0.76822 0.77089 0.772798 0.773944 0.774326 0.773944 0.772798 0.77089 0.76822 0.764793 0.760611 0.755678 0.749999 0.74358 0.736428 0.728549 0.71995 0.710641 0.700631 0.68993 0.678547 0.666495 0.653785 0.64043 0.626443 0.611838 0.596629 0.580831 0.564459 0.547531 0.530063 0.512071 0.493574 0.47459 0.455137 0.435236 0.414905 0.394164 0.373034 0.351537 0.329692 0.307522 0.285048 0.262294 0.23928 0.21603 0.192567 0.168914 0.145094 0.121131 0.0970488 0.0728705 0.0486203 0.0243222 0  
0 0.0249028 0.049781 0.07461 0.0993655 0.124023 0.148558 0.172946 0.197164 0.221187 0.244992 0.268555 0.291853 0.314863 0.337562 0.359928 0.381939 0.403573 0.424809 0.445625 0.466002 0.485919 0.505356 0.524295 0.542716 0.560602 0.577934 0.594696 0.610871 0.626443 0.641397 0.655718 0.669392 0.682405 0.694745 0.706399 0.717356 0.727605 0.737136 0.74594 0.754007 0.761331 0.767903 0.773717 0.778767 0.783049 0.786559 0.789292 0.791246 0.792419 0.79281 0.792419 0.791246 0.789292 0.786559 0.783049 0.778767 0.773717 0.767903 0.761331 0.754007 0.74594 0.737136 0.727605 0.717356 0.706399 0.694745 0.682405 0.669392 0.655718 0.641397 0.626443 0.610871 0.594696 0.577934 0.560602 0.542716 0.524295 0.505356 0.485919 0.466002 0.445625 0.424809 0.403573 0.381939 0.359928 0.337562 0.314863 0.291853 0.268555 0.244992 0.221187 0.197164 0.172946 0.148558 0.124023 0.0993655 0.07461 0.049781 0.0249028 0  
0 0.0254588 0.0508925 0.0762759 0.101584 0.126792 0.151875 0.176808 0.201566 0.226126 0.250462 0.274551 0.298369 0.321893 0.345099 0.367965 0.390467 0.412584 0.434294 0.455575 0.476407 0.496768 0.51664 0.536001 0.554834 0.573119 0.590838 0.607974 0.62451 0.64043 0.655718 0.670359 0.684338 0.697642 0.710257 0.722171 0.733373 0.743851 0.753595 0.762595 0.770843 0.77833 0.785048 0.790992 0.796156 0.800533 0.804121 0.806915 0.808913 0.810112 0.810512 0.810112 0.808913 0.806915 0.804121 0.800533 0.796156 0.790992 0.785048 0.77833 0.770843 0.762595 0.753595 0.743851 0.733373 0.722171 0.710257 0.697642 0.684338 0.670359 0.655718 0.64043 0.62451 0.607974 0.590838 0.573119 0.554834 0.536001 0.51664 0.496768 0.476407 0.455575 0.434294 0.412584 0.390467 0.367965 0.345099 0.321893 0.298369 0.274551 0.250462 0.226126 0.201566 0.176808 0.151875 0.126792 0.101584 0.0762759 0.0508925 0.0254588 0  
0 0.0259897 0.0519537 0.0778665 0.103702 0.129436 0.155042 0.180495 0.205769 0.230841 0.255685 0.280276 0.304591 0.328606 0.352296 0.375638 0.39861 0.421188 0.44335 0.465076 0.486342 0.507128 0.527413 0.547179 0.566404 0.58507 0.603159 0.620652 0.637533 0.653785 0.669392 0.684338 0.698609 0.71219 0.725068 0.737231 0.748666 0.759363 0.76931 0.778498 0.786917 0.79456 0.801419 0.807487 0.812758 0.817227 0.820889 0.823742 0.825781 0.827006 0.827414 0.827006 0.825781 0.823742 0.820889 0.817227 0.812758 0.807487 0.801419 0.79456 0.786917 0.778498 0.76931 0.759363 0.748666 0.737231 0.725068 0.71219 0.698609 0.684338 0.669392 0.653785 0.637533 0.620652 0.603159 0.58507 0.566404 0.547179 0.527413 0.507128 0.486342 0.465076 0.44335 0.421188 0.39861 0.375638 0.352296 0.328606 0.304591 0.280276 0.255685 0.230841 0.205769 0.180495 0.155042 0.129436 0.103702 0.0778665 0.0519537 0.0259897 0  
0 0.0264949 0.0529637 0.0793803 0.105718 0.131952 0.158056 0.184004 0.20977 0.235329 0.260656 0.285725 0.310513 0.334994 0.359144 0.382941 0.406359 0.429376 0.451969 0.474117 0.495796 0.516987 0.537667 0.557816 0.577415 0.596444 0.614884 0.632718 0.649927 0.666495 0.682405 0.697642 0.71219 0.726035 0.739164 0.751563 0.763221 0.774125 0.784266 0.793632 0.802215 0.810007 0.816999 0.823185 0.828558 0.833114 0.836848 0.839756 0.841835 0.843083 0.843499 0.843083 0.841835 0.839756 0.836848 0.833114 0.828558 0.823185 0.816999 0.810007 0.802215 0.793632 0.784266 0.774125 0.763221 0.751563 0.739164 0.726035 0.71219 0.697642 0.682405 0.666495 0.649927 0.632718 0.614884 0.596444 0.577415 0.557816 0.537667 0.516987 0.495796 0.474117 0.451969 0.429376 0.406359 0.382941 0.359144 0.334994 0.310513 0.285725 0.260656 0.235329 0.20977 0.184004 0.158056 0.131952 0.105718 0.0793803 0.0529637 0.0264949 0  
0 0.0269741 0.0539215 0.0808157 0.10763 0.134338 0.160914 0.187331 0.213563 0.239584 0.265369 0.290892 0.316128 0.341052 0.365639 0.389865 0.413707 0.43714 0.460142 0.48269 0.504762 0.526335 0.547389 0.567903 0.587856 0.607229 0.626003 0.644159 0.66168 0.678547 0.694745 0.710257 0.725068 0.739164 0.75253 0.765154 0.777022 0.788124 0.798447 0.807983 0.816722 0.824654 0.831773 0.83807 0.843541 0.848179 0.85198 0.854941 0.857057 0.858328 0.858752 0.858328 0.857057 0.854941 0.85198 0.848179 0.843541 0.83807 0.831773 0.824654 0.816722 0.807983 0.798447 0.788124 0.777022 0.765154 0.75253 0.739164 0.725068 0.710257 0.694745 0.678547 0.66168 0.644159 0.626003 0.607229 0.587856 0.567903 0.547389 0.526335 0.504762 0.48269 0.460142 0.43714 0.413707 0.389865 0.365639 0.341052 0.316128 0.290892 0.265369 0.239584 0.213563 0.187331 0.160914 0.134338 0.10763 0.0808157 0.0539215 0.0269741 0  
0 0.0274265 0.054826 0.0821714 0.109436 0.136592 0.163613 0.190473 0.217145 0.243603 0.26982 0.295771 0.321431 0.346773 0.371772 0.396405 0.420647 0.444473 0.467861 0.490787 0.513229 0.535164 0.556571 0.577429 0.597717 0.617415 0.636504 0.654965 0.672779 0.68993 0.706399 0.722171 0.737231 0.751563 0.765154 0.777989 0.790056 0.801344 0.811841 0.821537 0.830422 0.838487 0.845725 0.852129 0.857691 0.862407 0.866272 0.869282 0.871434 0.872726 0.873157 0.872726 0.871434 0.869282 0.866272 0.862407 0.857691 0.852129 0.845725 0.838487 0.830422 0.821537 0.811841 0.801344 0.790056 0.777989 0.765154 0.751563 0.737231 0.722171 0.706399 0.68993 0.672779 0.654965 0.636504 0.617415 0.597717 0.577429 0.556571 0.535164 0.513229 0.490787 0.467861 0.444473 0.420647 0.396405 0.371772 0.346773 0.321431 0.295771 0.26982 0.243603 0.217145 0.190473 0.163613 0.136592 0.109436 0.0821714 0.054826 0.0274265 0  
0 0.027852 0.0556764 0.0834459 0.111133 0.138711 0.166151 0.193428 0.220514 0.247382 0.274006 0.300359 0.326416 0.352151 0.377539 0.402554 0.427171 0.451368 0.475118 0.4984 0.52119 0.543465 0.565204 0.586386 0.606989 0.626992 0.646377 0.665124 0.683215 0.700631 0.717356 0.733373 0.748666 0.763221 0.777022 0.790056 0.802311 0.813774 0.824434 0.83428 0.843303 0.851493 0.858844 0.865346 0.870995 0.875784 0.879709 0.882766 0.884951 0.886263 0.886701 0.886263 0.884951 0.882766 0.879709 0.875784 0.870995 0.865346 0.858844 0.851493 0.843303 0.83428 0.824434 0.813774 0.802311 0.790056 0.777022 0.763221 0.748666 0.733373 0.717356 0.700631 0.683215 0.665124 0.646377 0.626992 0.606989 0.586386 0.565204 0.543465 0.52119 0.4984 0.475118 0.451368 0.427171 0.402554 0.377539 0.352151 0.326416 0.300359 0.274006 0.247382 0.220514 0.193428 0.166151 0.138711 0.111133 0.0834459 0.0556764 0.027852 0  
0 0.0282499 0.0564719 0.0846382 0.112721 0.140692 0.168525 0.196191 0.223664 0.250916 0.27792 0.304651 0.33108 0.357183 0.382933 0.408305 0.433275 0.457816 0.481906 0.505521 0.528636 0.55123 0.57328 0.594764 0.615661 0.63595 0.655612 0.674627 0.692976 0.710641 0.727605 0.743851 0.759363 0.774125 0.788124 0.801344 0.813774 0.825401 0.836213 0.8462 0.855351 0.863659 0.871114 0.87771 0.883439 0.888297 0.892278 0.895378 0.897595 0.898926 0.89937 0.898926 0.897595 0.895378 0.892278 0.888297 0.883439 0.87771 0.871114 0.863659 0.855351 0.8462 0.836213 0.825401 0.813774 0.801344 0.788124 0.774125 0.759363 0.743851 0.727605 0.710641 0.692976 0.674627 0.655612 0.63595 0.615661 0.594764 0.57328 0.55123 0.528636 0.505521 0.481906 0.457816 0.433275 0.408305 0.382933 0.357183 0.33108 0.304651 0.27792 0.250916 0.223664 0.196191 0.168525 0.140692 0.112721 0.0846382 0.0564719 0.0282499 0  
0 0.0286199 0.0572116 0.0857468 0.114197 0.142535 0.170733 0.198761 0.226594 0.254203 0.281561 0.308641 0.335417 0.361862 0.387949 0.413654 0.43895 0.463813 0.488219 0.512143 0.535561 0.558451 0.580789 0.602555 0.623726 0.644281 0.6642 0.683464 0.702054 0.71995 0.737136 0.753595 0.76931 0.784266 0.798447 0.811841 0.824434 0.836213 0.847166 0.857284 0.866556 0.874972 0.882525 0.889207 0.895012 0.899933 0.903966 0.907107 0.909353 0.910701 0.911151 0.910701 0.909353 0.907107 0.903966 0.899933 0.895012 0.889207 0.882525 0.874972 0.866556 0.857284 0.847166 0.836213 0.824434 0.811841 0.798447 0.784266 0.76931 0.753595 0.737136 0.71995 0.702054 0.683464 0.6642 0.644281 0.623726 0.602555 0.580789 0.558451 0.535561 0.512143 0.488219 0.463813 0.43895 0.413654 0.387949 0.361862 0.335417 0.308641 0.281561 0.254203 0.226594 0.198761 0.170733 0.142535 0.114197 0.0857468 0.0572116 0.0286199 0  
0 0.0289617 0.0578949 0.0867709 0.115561 0.144238 0.172772 0.201135 0.2293 0.257239 0.284924 0.312327 0.339423 0.366183 0.392582 0.418594 0.444193 0.469353 0.49405 0.518259 0.541957 0.56512 0.587726 0.609751 0.631175 0.651975 0.672133 0.691627 0.710438 0.728549 0.74594 0.762595 0.778498 0.793632 0.807983 0.821537 0.83428 0.8462 0.857284 0.867523 0.876905 0.885422 0.893065 0.899827 0.905701 0.910681 0.914762 0.91794 0.920213 0.921577 0.922032 0.921577 0.920213 0.91794 0.914762 0.910681 0.905701 0.899827 0.893065 0.885422 0.876905 0.867523 0.857284 0.8462 0.83428 0.821537 0.807983 0.793632 0.778498 0.762595 0.74594 0.728549 0.710438 0.691627 0.672133 0.651975 0.631175 0.609751 0.587726 0.56512 0.541957 0.518259 0.49405 0.469353 0.444193 0.418594 0.392582 0.366183 0.339423 0.312327 0.284924 0.257239 0.2293 0.201135 0.172772 0.144238 0.115561 0.0867709 0.0578949 0.0289617 0  
0 0.029275 0.058521 0.0877094 0.116811 0.145798 0.17464 0.20331 0.23178 0.260021 0.288005 0.315705 0.343094 0.370144 0.396828 0.423121 0.448997 0.474429 0.499393 0.523864 0.547818 0.571232 0.594082 0.616346 0.638001 0.659027 0.679402 0.699107 0.718122 0.736428 0.754007 0.770843 0.786917 0.802215 0.816722 0.830422 0.843303 0.855351 0.866556 0.876905 0.886389 0.894998 0.902724 0.909559 0.915496 0.92053 0.924655 0.927868 0.930165 0.931544 0.932004 0.931544 0.930165 0.927868 0.924655 0.92053 0.915496 0.909559 0.902724 0.894998 0.886389 0.876905 0.866556 0.855351 0.843303 0.830422 0.816722 0.802215 0.786917 0.770843 0.754007 0.736428 0.718122 0.699107 0.679402 0.659027 0.638001 0.616346 0.594082 0.571232 0.547818 0.523864 0.499393 0.474429 0.448997 0.423121 0.396828 0.370144 0.343094 0.315705 0.288005 0.260021 0.23178 0.20331 0.17464 0.145798 0.116811 0.0877094 0.058521 0.029275 0  
0 0.0295593 0.0590894 0.0885612 0.117946 0.147214 0.176336 0.205285 0.234031 0.262546 0.290802 0.318772 0.346426 0.373739 0.400682 0.427231 0.453357 0.479037 0.504243 0.528952 0.553139 0.57678 0.599852 0.622332 0.644197 0.665427 0.686001 0.705897 0.725096 0.74358 0.761331 0.77833 0.79456 0.810007 0.824654 0.838487 0.851493 0.863659 0.874972 0.885422 0.894998 0.903691 0.911491 0.918393 0.924388 0.92947 0.933636 0.93688 0.9392 0.940592 0.941056 0.940592 0.9392 0.93688 0.933636 0.92947 0.924388 0.918393 0.911491 0.903691 0.894998 0.885422 0.874972 0.863659 0.851493 0.838487 0.824654 0.810007 0.79456 0.77833 0.761331 0.74358 0.725096 0.705897 0.686001 0.665427 0.644197 0.622332 0.599852 0.57678 0.553139 0.528952 0.504243 0.479037 0.453357 0.427231 0.400682 0.373739 0.346426 0.318772 0.290802 0.262546 0.234031 0.205285 0.176336 0.147214 0.117946 0.0885612 0.0590894 0.0295593 0  
0 0.0298145 0.0595995 0.0893257 0.118964 0.148484 0.177859 0.207057 0.236051 0.264813 0.293313 0.321523 0.349416 0.376965 0.404141 0.430919 0.457271 0.483172 0.508596 0.533518 0.557914 0.581759 0.60503 0.627704 0.649758 0.671172 0.691922 0.71199 0.731356 0.749999 0.767903 0.785048 0.801419 0.816999 0.831773 0.845725 0.858844 0.871114 0.882525 0.893065 0.902724 0.911491 0.91936 0.926321 0.932367 0.937494 0.941695 0.944967 0.947307 0.948712 0.94918 0.948712 0.947307 0.944967 0.941695 0.937494 0.932367 0.926321 0.91936 0.911491 0.902724 0.893065 0.882525 0.871114 0.858844 0.845725 0.831773 0.816999 0.801419 0.785048 0.767903 0.749999 0.731356 0.71199 0.691922 0.671172 0.649758 0.627704 0.60503 0.581759 0.557914 0.533518 0.508596 0.483172 0.457271 0.430919 0.404141 0.376965 0.349416 0.321523 0.293313 0.264813 0.236051 0.207057 0.177859 0.148484 0.118964 0.0893257 0.0595995 0.0298145 0  
0 0.0300402 0.0600508 0.090002 0.119865 0.149609 0.179205 0.208625 0.237839 0.266818 0.295534 0.323958 0.352062 0.379819 0.407201 0.434181 0.460733 0.48683 0.512447 0.537558 0.562138 0.586164 0.609611 0.632457 0.654678 0.676253 0.697161 0.717381 0.736893 0.755678 0.773717 0.790992 0.807487 0.823185 0.83807 0.852129 0.865346 0.87771 0.889207 0.899827 0.909559 0.918393 0.926321 0.933334 0.939427 0.944592 0.948825 0.952122 0.954479 0.955895 0.956367 0.955895 0.954479 0.952122 0.948825 0.944592 0.939427 0.933334 0.926321 0.918393 0.909559 0.899827 0.889207 0.87771 0.865346 0.852129 0.83807 0.823185 0.807487 0.790992 0.773717 0.755678 0.736893 0.717381 0.697161 0.676253 0.654678 0.632457 0.609611 0.586164 0.562138 0.537558 0.512447 0.48683 0.460733 0.434181 0.407201 0.379819 0.352062 0.323958 0.295534 0.266818 0.237839 0.208625 0.179205 0.149609 0.119865 0.090002 0.0600508 0.0300402 0  
