0.5
0 0 0 0 0 0 0 0 0 0 0 0 0 0 0 0 0 0 0 0 0 0 0 0 0 0 0 0 0 0 0 0 0 0 0 0 0 0 0 0 0 0 0 0 0 0 0 0 0 0 0 0 0 0 0 0 0 0 0 0 0 0 0 0 0 0 0 0 0 0 0 0 0 0 0 0 0 0 0 0 0 0 0 0 0 0 0 0 0 0 0 0 0 0 0 0 0 0 0 0 0  
0 1.95716e-09 3.91239e-09 5.86375e-09 7.80933e-09 9.74721e-09 1.16755e-08 1.35922e-08 1.54955e-08 1.73835e-08 1.92544e-08 2.11063e-08 2.29373e-08 2.47457e-08 2.65297e-08 2.82875e-08 3.00174e-08 3.17176e-08 3.33866e-08 3.50226e-08 3.66241e-08 3.81894e-08 3.9717e-08 4.12054e-08 4.26531e-08 4.40588e-08 4.5421e-08 4.67383e-08 4.80096e-08 4.92334e-08 5.04087e-08 5.15342e-08 5.26089e-08 5.36316e-08 5.46014e-08 5.55173e-08 5.63785e-08 5.7184e-08 5.7933e-08 5.86249e-08 5.9259e-08 5.98345e-08 6.0351e-08 6.0808e-08 6.12049e-08 6.15414e-08 6.18172e-08 6.2032e-08 6.21856e-08 6.22778e-08 6.23086e-08 6.22778e-08 6.21856e-08 6.2032e-08 6.18172e-08 6.15414e-08 6.12049e-08 6.0808e-08 6.0351e-08 5.98345e-08 5.9259e-08 5.86249e-08 5.7933e-08 5.7184e-08 5.63785e-08 5.55173e-08 5.46014e-08 5.36316e-08 5.26089e-08 5.15342e-08 5.04087e-08 4.92334e-08 4.80096e-08 4.67383e-08 4.5421e-08 4.40588e-08 4.26531e-08 4.12054e-08 3.9717e-08 3.81894e-08 3.66241e-08 3.50226e-08 3.33866e-08 3.17176e-08 3.00174e-08 2.82875e-08 2.65297e-08 2.47457e-08 2.29373e-08 2.11063e-08 1.92544e-08 1.73835e-08 1.54955e-08 1.35922e-08 1.16755e-08 9.74721e-09 7.80933e-09 5.86375e-09 3.91239e-09 1.95716e-09 0  
0 3.91239e-09 7.82091e-09 1.17217e-08 1.5611e-08 1.94848e-08 2.33394e-08 2.7171e-08 3.09757e-08 3.47499e-08 3.84898e-08 4.21917e-08 4.5852e-08 4.9467e-08 5.30332e-08 5.65471e-08 6.00051e-08 6.3404e-08 6.67402e-08 7.00107e-08 7.3212e-08 7.6341e-08 7.93948e-08 8.23701e-08 8.52642e-08 8.80741e-08 9.07972e-08 9.34306e-08 9.59718e-08 9.84183e-08 1.00768e-07 1.03018e-07 1.05166e-07 1.0721e-07 1.09149e-07 1.1098e-07 1.12701e-07 1.14312e-07 1.15809e-07 1.17192e-07 1.18459e-07 1.1961e-07 1.20642e-07 1.21556e-07 1.22349e-07 1.23022e-07 1.23573e-07 1.24003e-07 1.2431e-07 1.24494e-07 1.24556e-07 1.24494e-07 1.2431e-07 1.24003e-07 1.23573e-07 1.23022e-07 1.22349e-07 1.21556e-07 1.20642e-07 1.1961e-07 1.18459e-07 1.17192e-07 1.15809e-07 1.14312e-07 1.12701e-07 1.1098e-07 1.09149e-07 1.0721e-07 1.05166e-07 1.03018e-07 1.00768e-07 9.84183e-08 9.59718e-08 9.34306e-08 9.07972e-08 8.80741e-08 8.52642e-08 8.23701e-08 7.93948e-08 7.6341e-08 7.3212e-08 7.00107e-08 6.67402e-08 6.3404e-08 6.00051e-08 5.65471e-08 5.30332e-08 4.9467e-08 4.5852e-08 4.21917e-08 3.84898e-08 3.47499e-08 3.09757e-08 2.7171e-08 2.33394e-08 1.94848e-08 1.5611e-08 1.17217e-08 7.82091e-09 3.91239e-09 0  
0 5.86375e-09 1.17217e-08 1.75681e-08 2.33972e-08 2.92032e-08 3.49803e-08 4.07229e-08 4.64254e-08 5.2082e-08 5.76872e-08 6.32355e-08 6.87214e-08 7.41395e-08 7.94844e-08 8.47509e-08 8.99337e-08 9.50277e-08 1.00028e-07 1.0493e-07 1.09728e-07 1.14417e-07 1.18994e-07 1.23454e-07 1.27791e-07 1.32003e-07 1.36084e-07 1.40031e-07 1.43839e-07 1.47506e-07 1.51027e-07 1.54399e-07 1.57619e-07 1.60683e-07 1.63589e-07 1.66333e-07 1.68913e-07 1.71326e-07 1.7357e-07 1.75643e-07 1.77543e-07 1.79267e-07 1.80815e-07 1.82184e-07 1.83373e-07 1.84381e-07 1.85208e-07 1.85851e-07 1.86311e-07 1.86588e-07 1.8668e-07 1.86588e-07 1.86311e-07 1.85851e-07 1.85208e-07 1.84381e-07 1.83373e-07 1.82184e-07 1.80815e-07 1.79267e-07 1.77543e-07 1.75643e-07 1.7357e-07 1.71326e-07 1.68913e-07 1.66333e-07 1.63589e-07 1.60683e-07 1.57619e-07 1.54399e-07 1.51027e-07 1.47506e-07 1.43839e-07 1.40031e-07 1.36084e-07 1.32003e-07 1.27791e-07 1.23454e-07 1.18994e-07 1.14417e-07 1.09728e-07 1.0493e-07 1.00028e-07 9.50277e-08 8.99337e-08 8.47509e-08 7.94844e-08 7.41395e-08 6.87214e-08 6.32355e-08 5.76872e-08 5.2082e-08 4.64254e-08 4.07229e-08 3.49803e-08 2.92032e-08 2.33972e-08 1.75681e-08 1.17217e-08 5.86375e-09 0  
0 7.80933e-09 1.5611e-08 2.33972e-08 3.11603e-08 3.88927e-08 4.65867e-08 5.42347e-08 6.18292e-08 6.93627e-08 7.68277e-08 8.42169e-08 9.1523e-08 9.87388e-08 1.05857e-07 1.12871e-07 1.19773e-07 1.26558e-07 1.33217e-07 1.39745e-07 1.46135e-07 1.52381e-07 1.58476e-07 1.64415e-07 1.70192e-07 1.75801e-07 1.81236e-07 1.86492e-07 1.91565e-07 1.96448e-07 2.01138e-07 2.05629e-07 2.09917e-07 2.13997e-07 2.17867e-07 2.21522e-07 2.24958e-07 2.28172e-07 2.31161e-07 2.33922e-07 2.36451e-07 2.38748e-07 2.40809e-07 2.42632e-07 2.44216e-07 2.45559e-07 2.46659e-07 2.47516e-07 2.48129e-07 2.48497e-07 2.4862e-07 2.48497e-07 2.48129e-07 2.47516e-07 2.46659e-07 2.45559e-07 2.44216e-07 2.42632e-07 2.40809e-07 2.38748e-07 2.36451e-07 2.33922e-07 2.31161e-07 2.28172e-07 2.24958e-07 2.21522e-07 2.17867e-07 2.13997e-07 2.09917e-07 2.05629e-07 2.01138e-07 1.96448e-07 1.91565e-07 1.86492e-07 1.81236e-07 1.75801e-07 1.70192e-07 1.64415e-07 1.58476e-07 1.52381e-07 1.46135e-07 1.39745e-07 1.33217e-07 1.26558e-07 1.19773e-07 1.12871e-07 1.05857e-07 9.87388e-08 9.1523e-08 8.42169e-08 7.68277e-08 6.93627e-08 6.18292e-08 5.42347e-08 4.65867e-08 3.88927e-08 3.11603e-08 2.33972e-08 1.5611e-08 7.80933e-09 0  
0 9.74721e-09 1.94848e-08 2.92032e-08 3.88927e-08 4.85438e-08 5.81471e-08 6.7693e-08 7.7172e-08 8.65749e-08 9.58924e-08 1.05115e-07 1.14234e-07 1.23241e-07 1.32125e-07 1.4088e-07 1.49495e-07 1.57963e-07 1.66275e-07 1.74422e-07 1.82398e-07 1.90194e-07 1.97802e-07 2.05215e-07 2.12425e-07 2.19425e-07 2.26209e-07 2.3277e-07 2.39101e-07 2.45196e-07 2.5105e-07 2.56655e-07 2.62007e-07 2.67101e-07 2.7193e-07 2.76492e-07 2.80781e-07 2.84792e-07 2.88523e-07 2.91969e-07 2.95126e-07 2.97993e-07 3.00565e-07 3.02841e-07 3.04818e-07 3.06494e-07 3.07867e-07 3.08937e-07 3.09702e-07 3.10161e-07 3.10314e-07 3.10161e-07 3.09702e-07 3.08937e-07 3.07867e-07 3.06494e-07 3.04818e-07 3.02841e-07 3.00565e-07 2.97993e-07 2.95126e-07 2.91969e-07 2.88523e-07 2.84792e-07 2.80781e-07 2.76492e-07 2.7193e-07 2.67101e-07 2.62007e-07 2.56655e-07 2.5105e-07 2.45196e-07 2.39101e-07 2.3277e-07 2.26209e-07 2.19425e-07 2.12425e-07 2.05215e-07 1.97802e-07 1.90194e-07 1.82398e-07 1.74422e-07 1.66275e-07 1.57963e-07 1.49495e-07 1.4088e-07 1.32125e-07 1.23241e-07 1.14234e-07 1.05115e-07 9.58924e-08 8.65749e-08 7.7172e-08 6.7693e-08 5.81471e-08 4.85438e-08 3.88927e-08 2.92032e-08 1.94848e-08 9.74721e-09 0  
0 1.16755e-08 2.33394e-08 3.49803e-08 4.65867e-08 5.81471e-08 6.96501e-08 8.10844e-08 9.24387e-08 1.03702e-07 1.14862e-07 1.2591e-07 1.36833e-07 1.47621e-07 1.58263e-07 1.68749e-07 1.79069e-07 1.89212e-07 1.99168e-07 2.08928e-07 2.18481e-07 2.27819e-07 2.36932e-07 2.45811e-07 2.54448e-07 2.62833e-07 2.7096e-07 2.78818e-07 2.86402e-07 2.93703e-07 3.00714e-07 3.07428e-07 3.13839e-07 3.1994e-07 3.25725e-07 3.31189e-07 3.36327e-07 3.41132e-07 3.456e-07 3.49728e-07 3.5351e-07 3.56944e-07 3.60025e-07 3.62751e-07 3.65119e-07 3.67126e-07 3.68772e-07 3.70053e-07 3.70969e-07 3.71519e-07 3.71703e-07 3.71519e-07 3.70969e-07 3.70053e-07 3.68772e-07 3.67126e-07 3.65119e-07 3.62751e-07 3.60025e-07 3.56944e-07 3.5351e-07 3.49728e-07 3.456e-07 3.41132e-07 3.36327e-07 3.31189e-07 3.25725e-07 3.1994e-07 3.13839e-07 3.07428e-07 3.00714e-07 2.93703e-07 2.86402e-07 2.78818e-07 2.7096e-07 2.62833e-07 2.54448e-07 2.45811e-07 2.36932e-07 2.27819e-07 2.18481e-07 2.08928e-07 1.99168e-07 1.89212e-07 1.79069e-07 1.68749e-07 1.58263e-07 1.47621e-07 1.36833e-07 1.2591e-07 1.14862e-07 1.03702e-07 9.24387e-08 8.10844e-08 6.96501e-08 5.81471e-08 4.65867e-08 3.49803e-08 2.33394e-08 1.16755e-08 0  
0 1.35922e-08 2.7171e-08 4.07229e-08 5.42347e-08 6.7693e-08 8.10844e-08 9.43958e-08 1.07614e-07 1.20726e-07 1.33719e-07 1.4658e-07 1.59296e-07 1.71855e-07 1.84245e-07 1.96453e-07 2.08466e-07 2.20274e-07 2.31865e-07 2.43227e-07 2.54349e-07 2.6522e-07 2.75829e-07 2.86166e-07 2.9622e-07 3.05982e-07 3.15442e-07 3.24591e-07 3.3342e-07 3.41919e-07 3.50081e-07 3.57898e-07 3.65361e-07 3.72464e-07 3.79199e-07 3.8556e-07 3.9154e-07 3.97135e-07 4.02337e-07 4.07142e-07 4.11545e-07 4.15542e-07 4.19129e-07 4.22303e-07 4.25059e-07 4.27397e-07 4.29312e-07 4.30804e-07 4.3187e-07 4.32511e-07 4.32724e-07 4.32511e-07 4.3187e-07 4.30804e-07 4.29312e-07 4.27397e-07 4.25059e-07 4.22303e-07 4.19129e-07 4.15542e-07 4.11545e-07 4.07142e-07 4.02337e-07 3.97135e-07 3.9154e-07 3.8556e-07 3.79199e-07 3.72464e-07 3.65361e-07 3.57898e-07 3.50081e-07 3.41919e-07 3.3342e-07 3.24591e-07 3.15442e-07 3.05982e-07 2.9622e-07 2.86166e-07 2.75829e-07 2.6522e-07 2.54349e-07 2.43227e-07 2.31865e-07 2.20274e-07 2.08466e-07 1.96453e-07 1.84245e-07 1.71855e-07 1.59296e-07 1.4658e-07 1.33719e-07 1.20726e-07 1.07614e-07 9.43958e-08 8.10844e-08 6.7693e-08 5.42347e-08 4.07229e-08 2.7171e-08 1.35922e-08 0  
0 1.54955e-08 3.09757e-08 4.64254e-08 6.18292e-08 7.7172e-08 9.24387e-08 1.07614e-07 1.22683e-07 1.37631e-07 1.52444e-07 1.67106e-07 1.81603e-07 1.9592e-07 2.10045e-07 2.23962e-07 2.37658e-07 2.5112e-07 2.64333e-07 2.77286e-07 2.89965e-07 3.02358e-07 3.14453e-07 3.26237e-07 3.377e-07 3.48829e-07 3.59614e-07 3.70044e-07 3.80108e-07 3.89798e-07 3.99103e-07 4.08014e-07 4.16523e-07 4.2462e-07 4.32298e-07 4.3955e-07 4.46368e-07 4.52745e-07 4.58676e-07 4.64154e-07 4.69174e-07 4.73731e-07 4.7782e-07 4.81438e-07 4.84581e-07 4.87245e-07 4.89429e-07 4.91129e-07 4.92345e-07 4.93075e-07 4.93319e-07 4.93075e-07 4.92345e-07 4.91129e-07 4.89429e-07 4.87245e-07 4.84581e-07 4.81438e-07 4.7782e-07 4.73731e-07 4.69174e-07 4.64154e-07 4.58676e-07 4.52745e-07 4.46368e-07 4.3955e-07 4.32298e-07 4.2462e-07 4.16523e-07 4.08014e-07 3.99103e-07 3.89798e-07 3.80108e-07 3.70044e-07 3.59614e-07 3.48829e-07 3.377e-07 3.26237e-07 3.14453e-07 3.02358e-07 2.89965e-07 2.77286e-07 2.64333e-07 2.5112e-07 2.37658e-07 2.23962e-07 2.10045e-07 1.9592e-07 1.81603e-07 1.67106e-07 1.52444e-07 1.37631e-07 1.22683e-07 1.07614e-07 9.24387e-08 7.7172e-08 6.18292e-08 4.64254e-08 3.09757e-08 1.54955e-08 0  
0 1.73835e-08 3.47499e-08 5.2082e-08 6.93627e-08 8.65749e-08 1.03702e-07 1.20726e-07 1.37631e-07 1.54401e-07 1.71018e-07 1.87466e-07 2.0373e-07 2.19792e-07 2.35637e-07 2.5125e-07 2.66615e-07 2.81717e-07 2.96541e-07 3.11072e-07 3.25296e-07 3.39199e-07 3.52767e-07 3.65987e-07 3.78846e-07 3.91331e-07 4.0343e-07 4.15131e-07 4.26422e-07 4.37292e-07 4.47731e-07 4.57728e-07 4.67273e-07 4.76357e-07 4.84971e-07 4.93106e-07 5.00755e-07 5.07909e-07 5.14563e-07 5.20708e-07 5.2634e-07 5.31452e-07 5.36039e-07 5.40098e-07 5.43623e-07 5.46613e-07 5.49062e-07 5.5097e-07 5.52334e-07 5.53153e-07 5.53426e-07 5.53153e-07 5.52334e-07 5.5097e-07 5.49062e-07 5.46613e-07 5.43623e-07 5.40098e-07 5.36039e-07 5.31452e-07 5.2634e-07 5.20708e-07 5.14563e-07 5.07909e-07 5.00755e-07 4.93106e-07 4.84971e-07 4.76357e-07 4.67273e-07 4.57728e-07 4.47731e-07 4.37292e-07 4.26422e-07 4.15131e-07 4.0343e-07 3.91331e-07 3.78846e-07 3.65987e-07 3.52767e-07 3.39199e-07 3.25296e-07 3.11072e-07 2.96541e-07 2.81717e-07 2.66615e-07 2.5125e-07 2.35637e-07 2.19792e-07 2.0373e-07 1.87466e-07 1.71018e-07 1.54401e-07 1.37631e-07 1.20726e-07 1.03702e-07 8.65749e-08 6.93627e-08 5.2082e-08 3.47499e-08 1.73835e-08 0  
0 1.92544e-08 3.84898e-08 5.76872e-08 7.68277e-08 9.58924e-08 1.14862e-07 1.33719e-07 1.52444e-07 1.71018e-07 1.89424e-07 2.07642e-07 2.25656e-07 2.43447e-07 2.60997e-07 2.78291e-07 2.95309e-07 3.12036e-07 3.28455e-07 3.4455e-07 3.60305e-07 3.75704e-07 3.90733e-07 4.05376e-07 4.19619e-07 4.33448e-07 4.46849e-07 4.59809e-07 4.72315e-07 4.84355e-07 4.95917e-07 5.0699e-07 5.17563e-07 5.27624e-07 5.37165e-07 5.46176e-07 5.54648e-07 5.62572e-07 5.69941e-07 5.76748e-07 5.82986e-07 5.88648e-07 5.93729e-07 5.98225e-07 6.0213e-07 6.05441e-07 6.08154e-07 6.10267e-07 6.11778e-07 6.12685e-07 6.12988e-07 6.12685e-07 6.11778e-07 6.10267e-07 6.08154e-07 6.05441e-07 6.0213e-07 5.98225e-07 5.93729e-07 5.88648e-07 5.82986e-07 5.76748e-07 5.69941e-07 5.62572e-07 5.54648e-07 5.46176e-07 5.37165e-07 5.27624e-07 5.17563e-07 5.0699e-07 4.95917e-07 4.84355e-07 4.72315e-07 4.59809e-07 4.46849e-07 4.33448e-07 4.19619e-07 4.05376e-07 3.90733e-07 3.75704e-07 3.60305e-07 3.4455e-07 3.28455e-07 3.12036e-07 2.95309e-07 2.78291e-07 2.60997e-07 2.43447e-07 2.25656e-07 2.07642e-07 1.89424e-07 1.71018e-07 1.52444e-07 1.33719e-07 1.14862e-07 9.58924e-08 7.68277e-08 5.76872e-08 3.84898e-08 1.92544e-08 0  
0 2.11063e-08 4.21917e-08 6.32355e-08 8.42169e-08 1.05115e-07 1.2591e-07 1.4658e-07 1.67106e-07 1.87466e-07 2.07642e-07 2.27613e-07 2.47359e-07 2.66861e-07 2.861e-07 3.05056e-07 3.23712e-07 3.42047e-07 3.60046e-07 3.77689e-07 3.94959e-07 4.11839e-07 4.28313e-07 4.44365e-07 4.59977e-07 4.75136e-07 4.89826e-07 5.04033e-07 5.17742e-07 5.3094e-07 5.43614e-07 5.55752e-07 5.67341e-07 5.78371e-07 5.88829e-07 5.98707e-07 6.07993e-07 6.1668e-07 6.24758e-07 6.32219e-07 6.39057e-07 6.45264e-07 6.50834e-07 6.55762e-07 6.60042e-07 6.63671e-07 6.66646e-07 6.68962e-07 6.70618e-07 6.71613e-07 6.71944e-07 6.71613e-07 6.70618e-07 6.68962e-07 6.66646e-07 6.63671e-07 6.60042e-07 6.55762e-07 6.50834e-07 6.45264e-07 6.39057e-07 6.32219e-07 6.24758e-07 6.1668e-07 6.07993e-07 5.98707e-07 5.88829e-07 5.78371e-07 5.67341e-07 5.55752e-07 5.43614e-07 5.3094e-07 5.17742e-07 5.04033e-07 4.89826e-07 4.75136e-07 4.59977e-07 4.44365e-07 4.28313e-07 4.11839e-07 3.94959e-07 3.77689e-07 3.60046e-07 3.42047e-07 3.23712e-07 3.05056e-07 2.861e-07 2.66861e-07 2.47359e-07 2.27613e-07 2.07642e-07 1.87466e-07 1.67106e-07 1.4658e-07 1.2591e-07 1.05115e-07 8.42169e-08 6.32355e-08 4.21917e-08 2.11063e-08 0  
0 2.29373e-08 4.5852e-08 6.87214e-08 9.1523e-08 1.14234e-07 1.36833e-07 1.59296e-07 1.81603e-07 2.0373e-07 2.25656e-07 2.47359e-07 2.68818e-07 2.90012e-07 3.1092e-07 3.31521e-07 3.51795e-07 3.71721e-07 3.91281e-07 4.10454e-07 4.29223e-07 4.47568e-07 4.65471e-07 4.82915e-07 4.99882e-07 5.16356e-07 5.3232e-07 5.47759e-07 5.62658e-07 5.77001e-07 5.90775e-07 6.03965e-07 6.1656e-07 6.28546e-07 6.39912e-07 6.50646e-07 6.60739e-07 6.70179e-07 6.78958e-07 6.87066e-07 6.94497e-07 7.01242e-07 7.07296e-07 7.12651e-07 7.17303e-07 7.21247e-07 7.24479e-07 7.26997e-07 7.28797e-07 7.29877e-07 7.30237e-07 7.29877e-07 7.28797e-07 7.26997e-07 7.24479e-07 7.21247e-07 7.17303e-07 7.12651e-07 7.07296e-07 7.01242e-07 6.94497e-07 6.87066e-07 6.78958e-07 6.70179e-07 6.60739e-07 6.50646e-07 6.39912e-07 6.28546e-07 6.1656e-07 6.03965e-07 5.90775e-07 5.77001e-07 5.62658e-07 5.47759e-07 5.3232e-07 5.16356e-07 4.99882e-07 4.82915e-07 4.65471e-07 4.47568e-07 4.29223e-07 4.10454e-07 3.91281e-07 3.71721e-07 3.51795e-07 3.31521e-07 3.1092e-07 2.90012e-07 2.68818e-07 2.47359e-07 2.25656e-07 2.0373e-07 1.81603e-07 1.59296e-07 1.36833e-07 1.14234e-07 9.1523e-08 6.87214e-08 4.5852e-08 2.29373e-08 0  
0 2.47457e-08 4.9467e-08 7.41395e-08 9.87388e-08 1.23241e-07 1.47621e-07 1.71855e-07 1.9592e-07 2.19792e-07 2.43447e-07 2.66861e-07 2.90012e-07 3.12877e-07 3.35433e-07 3.57658e-07 3.7953e-07 4.01028e-07 4.2213e-07 4.42815e-07 4.63063e-07 4.82854e-07 5.02169e-07 5.20988e-07 5.39293e-07 5.57066e-07 5.74289e-07 5.90945e-07 6.07018e-07 6.22492e-07 6.37352e-07 6.51582e-07 6.6517e-07 6.78101e-07 6.90363e-07 7.01944e-07 7.12832e-07 7.23016e-07 7.32487e-07 7.41235e-07 7.49252e-07 7.56529e-07 7.6306e-07 7.68837e-07 7.73856e-07 7.78111e-07 7.81598e-07 7.84314e-07 7.86256e-07 7.87421e-07 7.8781e-07 7.87421e-07 7.86256e-07 7.84314e-07 7.81598e-07 7.78111e-07 7.73856e-07 7.68837e-07 7.6306e-07 7.56529e-07 7.49252e-07 7.41235e-07 7.32487e-07 7.23016e-07 7.12832e-07 7.01944e-07 6.90363e-07 6.78101e-07 6.6517e-07 6.51582e-07 6.37352e-07 6.22492e-07 6.07018e-07 5.90945e-07 5.74289e-07 5.57066e-07 5.39293e-07 5.20988e-07 5.02169e-07 4.82854e-07 4.63063e-07 4.42815e-07 4.2213e-07 4.01028e-07 3.7953e-07 3.57658e-07 3.35433e-07 3.12877e-07 2.90012e-07 2.66861e-07 2.43447e-07 2.19792e-07 1.9592e-07 1.71855e-07 1.47621e-07 1.23241e-07 9.87388e-08 7.41395e-08 4.9467e-08 2.47457e-08 0  
0 2.65297e-08 5.30332e-08 7.94844e-08 1.05857e-07 1.32125e-07 1.58263e-07 1.84245e-07 2.10045e-07 2.35637e-07 2.60997e-07 2.861e-07 3.1092e-07 3.35433e-07 3.59615e-07 3.83443e-07 4.06892e-07 4.29939e-07 4.52562e-07 4.74739e-07 4.96447e-07 5.17665e-07 5.38372e-07 5.58548e-07 5.78172e-07 5.97226e-07 6.15691e-07 6.33548e-07 6.5078e-07 6.67369e-07 6.833e-07 6.98557e-07 7.13124e-07 7.26987e-07 7.40133e-07 7.52549e-07 7.64222e-07 7.75141e-07 7.85294e-07 7.94673e-07 8.03267e-07 8.11069e-07 8.18071e-07 8.24265e-07 8.29645e-07 8.34207e-07 8.37945e-07 8.40857e-07 8.42939e-07 8.44189e-07 8.44605e-07 8.44189e-07 8.42939e-07 8.40857e-07 8.37945e-07 8.34207e-07 8.29645e-07 8.24265e-07 8.18071e-07 8.11069e-07 8.03267e-07 7.94673e-07 7.85294e-07 7.75141e-07 7.64222e-07 7.52549e-07 7.40133e-07 7.26987e-07 7.13124e-07 6.98557e-07 6.833e-07 6.67369e-07 6.5078e-07 6.33548e-07 6.15691e-07 5.97226e-07 5.78172e-07 5.58548e-07 5.38372e-07 5.17665e-07 4.96447e-07 4.74739e-07 4.52562e-07 4.29939e-07 4.06892e-07 3.83443e-07 3.59615e-07 3.35433e-07 3.1092e-07 2.861e-07 2.60997e-07 2.35637e-07 2.10045e-07 1.84245e-07 1.58263e-07 1.32125e-07 1.05857e-07 7.94844e-08 5.30332e-08 2.65297e-08 0  
0 2.82875e-08 5.65471e-08 8.47509e-08 1.12871e-07 1.4088e-07 1.68749e-07 1.96453e-07 2.23962e-07 2.5125e-07 2.78291e-07 3.05056e-07 3.31521e-07 3.57658e-07 3.83443e-07 4.08849e-07 4.33852e-07 4.58426e-07 4.82548e-07 5.06194e-07 5.2934e-07 5.51964e-07 5.74043e-07 5.95556e-07 6.16481e-07 6.36797e-07 6.56485e-07 6.75525e-07 6.93899e-07 7.11588e-07 7.28574e-07 7.44842e-07 7.60374e-07 7.75156e-07 7.89173e-07 8.02411e-07 8.14857e-07 8.265e-07 8.37326e-07 8.47326e-07 8.5649e-07 8.64809e-07 8.72274e-07 8.78879e-07 8.84616e-07 8.8948e-07 8.93466e-07 8.9657e-07 8.9879e-07 9.00123e-07 9.00567e-07 9.00123e-07 8.9879e-07 8.9657e-07 8.93466e-07 8.8948e-07 8.84616e-07 8.78879e-07 8.72274e-07 8.64809e-07 8.5649e-07 8.47326e-07 8.37326e-07 8.265e-07 8.14857e-07 8.02411e-07 7.89173e-07 7.75156e-07 7.60374e-07 7.44842e-07 7.28574e-07 7.11588e-07 6.93899e-07 6.75525e-07 6.56485e-07 6.36797e-07 6.16481e-07 5.95556e-07 5.74043e-07 5.51964e-07 5.2934e-07 5.06194e-07 4.82548e-07 4.58426e-07 4.33852e-07 4.08849e-07 3.83443e-07 3.57658e-07 3.31521e-07 3.05056e-07 2.78291e-07 2.5125e-07 2.23962e-07 1.96453e-07 1.68749e-07 1.4088e-07 1.12871e-07 8.47509e-08 5.65471e-08 2.82875e-08 0  
0 3.00174e-08 6.00051e-08 8.99337e-08 1.19773e-07 1.49495e-07 1.79069e-07 2.08466e-07 2.37658e-07 2.66615e-07 2.95309e-07 3.23712e-07 3.51795e-07 3.7953e-07 4.06892e-07 4.33852e-07 4.60383e-07 4.8646e-07 5.12058e-07 5.37149e-07 5.61711e-07 5.85719e-07 6.09148e-07 6.31976e-07 6.54181e-07 6.7574e-07 6.96632e-07 7.16836e-07 7.36333e-07 7.55104e-07 7.73129e-07 7.90391e-07 8.06874e-07 8.2256e-07 8.37434e-07 8.51482e-07 8.64689e-07 8.77043e-07 8.88532e-07 8.99143e-07 9.08868e-07 9.17695e-07 9.25617e-07 9.32625e-07 9.38713e-07 9.43875e-07 9.48105e-07 9.51399e-07 9.53754e-07 9.55169e-07 9.5564e-07 9.55169e-07 9.53754e-07 9.51399e-07 9.48105e-07 9.43875e-07 9.38713e-07 9.32625e-07 9.25617e-07 9.17695e-07 9.08868e-07 8.99143e-07 8.88532e-07 8.77043e-07 8.64689e-07 8.51482e-07 8.37434e-07 8.2256e-07 8.06874e-07 7.90391e-07 7.73129e-07 7.55104e-07 7.36333e-07 7.16836e-07 6.96632e-07 6.7574e-07 6.54181e-07 6.31976e-07 6.09148e-07 5.85719e-07 5.61711e-07 5.37149e-07 5.12058e-07 4.8646e-07 4.60383e-07 4.33852e-07 4.06892e-07 3.7953e-07 3.51795e-07 3.23712e-07 2.95309e-07 2.66615e-07 2.37658e-07 2.08466e-07 1.79069e-07 1.49495e-07 1.19773e-07 8.99337e-08 6.00051e-08 3.00174e-08 0  
0 3.17176e-08 6.3404e-08 9.50277e-08 1.26558e-07 1.57963e-07 1.89212e-07 2.20274e-07 2.5112e-07 2.81717e-07 3.12036e-07 3.42047e-07 3.71721e-07 4.01028e-07 4.29939e-07 4.58426e-07 4.8646e-07 5.14015e-07 5.41062e-07 5.67575e-07 5.93528e-07 6.18895e-07 6.43652e-07 6.67773e-07 6.91235e-07 7.14015e-07 7.36091e-07 7.5744e-07 7.78041e-07 7.97875e-07 8.16921e-07 8.35161e-07 8.52577e-07 8.69151e-07 8.84868e-07 8.99712e-07 9.13667e-07 9.26721e-07 9.3886e-07 9.50073e-07 9.60348e-07 9.69676e-07 9.78046e-07 9.85451e-07 9.91884e-07 9.97338e-07 1.00181e-06 1.00529e-06 1.00778e-06 1.00927e-06 1.00977e-06 1.00927e-06 1.00778e-06 1.00529e-06 1.00181e-06 9.97338e-07 9.91884e-07 9.85451e-07 9.78046e-07 9.69676e-07 9.60348e-07 9.50073e-07 9.3886e-07 9.26721e-07 9.13667e-07 8.99712e-07 8.84868e-07 8.69151e-07 8.52577e-07 8.35161e-07 8.16921e-07 7.97875e-07 7.78041e-07 7.5744e-07 7.36091e-07 7.14015e-07 6.91235e-07 6.67773e-07 6.43652e-07 6.18895e-07 5.93528e-07 5.67575e-07 5.41062e-07 5.14015e-07 4.8646e-07 4.58426e-07 4.29939e-07 4.01028e-07 3.71721e-07 3.42047e-07 3.12036e-07 2.81717e-07 2.5112e-07 2.20274e-07 1.89212e-07 1.57963e-07 1.26558e-07 9.50277e-08 6.3404e-08 3.17176e-08 0  
0 3.33866e-08 6.67402e-08 1.00028e-07 1.33217e-07 1.66275e-07 1.99168e-07 2.31865e-07 2.64333e-07 2.96541e-07 3.28455e-07 3.60046e-07 3.91281e-07 4.2213e-07 4.52562e-07 4.82548e-07 5.12058e-07 5.41062e-07 5.69532e-07 5.9744e-07 6.24759e-07 6.51461e-07 6.7752e-07 7.02911e-07 7.27607e-07 7.51586e-07 7.74823e-07 7.97296e-07 8.18981e-07 8.39858e-07 8.59907e-07 8.79107e-07 8.97439e-07 9.14886e-07 9.31429e-07 9.47054e-07 9.61744e-07 9.75484e-07 9.88262e-07 1.00007e-06 1.01088e-06 1.0207e-06 1.02951e-06 1.03731e-06 1.04408e-06 1.04982e-06 1.05452e-06 1.05819e-06 1.06081e-06 1.06238e-06 1.0629e-06 1.06238e-06 1.06081e-06 1.05819e-06 1.05452e-06 1.04982e-06 1.04408e-06 1.03731e-06 1.02951e-06 1.0207e-06 1.01088e-06 1.00007e-06 9.88262e-07 9.75484e-07 9.61744e-07 9.47054e-07 9.31429e-07 9.14886e-07 8.97439e-07 8.79107e-07 8.59907e-07 8.39858e-07 8.18981e-07 7.97296e-07 7.74823e-07 7.51586e-07 7.27607e-07 7.02911e-07 6.7752e-07 6.51461e-07 6.24759e-07 5.9744e-07 5.69532e-07 5.41062e-07 5.12058e-07 4.82548e-07 4.52562e-07 4.2213e-07 3.91281e-07 3.60046e-07 3.28455e-07 2.96541e-07 2.64333e-07 2.31865e-07 1.99168e-07 1.66275e-07 1.33217e-07 1.00028e-07 6.67402e-08 3.33866e-08 0  
0 3.50226e-08 7.00107e-08 1.0493e-07 1.39745e-07 1.74422e-07 2.08928e-07 2.43227e-07 2.77286e-07 3.11072e-07 3.4455e-07 3.77689e-07 4.10454e-07 4.42815e-07 4.74739e-07 5.06194e-07 5.37149e-07 5.67575e-07 5.9744e-07 6.26716e-07 6.55373e-07 6.83384e-07 7.1072e-07 7.37355e-07 7.63262e-07 7.88415e-07 8.12791e-07 8.36365e-07 8.59113e-07 8.81013e-07 9.02044e-07 9.22185e-07 9.41415e-07 9.59717e-07 9.77071e-07 9.93461e-07 1.00887e-06 1.02329e-06 1.03669e-06 1.04907e-06 1.06042e-06 1.07072e-06 1.07996e-06 1.08814e-06 1.09524e-06 1.10126e-06 1.1062e-06 1.11004e-06 1.11279e-06 1.11444e-06 1.11499e-06 1.11444e-06 1.11279e-06 1.11004e-06 1.1062e-06 1.10126e-06 1.09524e-06 1.08814e-06 1.07996e-06 1.07072e-06 1.06042e-06 1.04907e-06 1.03669e-06 1.02329e-06 1.00887e-06 9.93461e-07 9.77071e-07 9.59717e-07 9.41415e-07 9.22185e-07 9.02044e-07 8.81013e-07 8.59113e-07 8.36365e-07 8.12791e-07 7.88415e-07 7.63262e-07 7.37355e-07 7.1072e-07 6.83384e-07 6.55373e-07 6.26716e-07 5.9744e-07 5.67575e-07 5.37149e-07 5.06194e-07 4.74739e-07 4.42815e-07 4.10454e-07 3.77689e-07 3.4455e-07 3.11072e-07 2.77286e-07 2.43227e-07 2.08928e-07 1.74422e-07 1.39745e-07 1.0493e-07 7.00107e-08 3.50226e-08 0  
0 3.66241e-08 7.3212e-08 1.09728e-07 1.46135e-07 1.82398e-07 2.18481e-07 2.54349e-07 2.89965e-07 3.25296e-07 3.60305e-07 3.94959e-07 4.29223e-07 4.63063e-07 4.96447e-07 5.2934e-07 5.61711e-07 5.93528e-07 6.24759e-07 6.55373e-07 6.85341e-07 7.14632e-07 7.43218e-07 7.71071e-07 7.98163e-07 8.24466e-07 8.49957e-07 8.74608e-07 8.98397e-07 9.21298e-07 9.43291e-07 9.64353e-07 9.84462e-07 1.0036e-06 1.02175e-06 1.03889e-06 1.055e-06 1.07008e-06 1.08409e-06 1.09704e-06 1.1089e-06 1.11968e-06 1.12934e-06 1.13789e-06 1.14532e-06 1.15162e-06 1.15678e-06 1.1608e-06 1.16367e-06 1.1654e-06 1.16597e-06 1.1654e-06 1.16367e-06 1.1608e-06 1.15678e-06 1.15162e-06 1.14532e-06 1.13789e-06 1.12934e-06 1.11968e-06 1.1089e-06 1.09704e-06 1.08409e-06 1.07008e-06 1.055e-06 1.03889e-06 1.02175e-06 1.0036e-06 9.84462e-07 9.64353e-07 9.43291e-07 9.21298e-07 8.98397e-07 8.74608e-07 8.49957e-07 8.24466e-07 7.98163e-07 7.71071e-07 7.43218e-07 7.14632e-07 6.85341e-07 6.55373e-07 6.24759e-07 5.93528e-07 5.61711e-07 5.2934e-07 4.96447e-07 4.63063e-07 4.29223e-07 3.94959e-07 3.60305e-07 3.25296e-07 2.89965e-07 2.54349e-07 2.18481e-07 1.82398e-07 1.46135e-07 1.09728e-07 7.3212e-08 3.66241e-08 0  
0 3.81894e-08 7.6341e-08 1.14417e-07 1.52381e-07 1.90194e-07 2.27819e-07 2.6522e-07 3.02358e-07 3.39199e-07 3.75704e-07 4.11839e-07 4.47568e-07 4.82854e-07 5.17665e-07 5.51964e-07 5.85719e-07 6.18895e-07 6.51461e-07 6.83384e-07 7.14632e-07 7.45175e-07 7.74983e-07 8.04026e-07 8.32276e-07 8.59704e-07 8.86284e-07 9.11989e-07 9.36794e-07 9.60674e-07 9.83607e-07 1.00557e-06 1.02654e-06 1.04649e-06 1.06542e-06 1.08329e-06 1.10009e-06 1.11581e-06 1.13043e-06 1.14393e-06 1.1563e-06 1.16753e-06 1.17761e-06 1.18652e-06 1.19427e-06 1.20084e-06 1.20622e-06 1.21041e-06 1.21341e-06 1.21521e-06 1.21581e-06 1.21521e-06 1.21341e-06 1.21041e-06 1.20622e-06 1.20084e-06 1.19427e-06 1.18652e-06 1.17761e-06 1.16753e-06 1.1563e-06 1.14393e-06 1.13043e-06 1.11581e-06 1.10009e-06 1.08329e-06 1.06542e-06 1.04649e-06 1.02654e-06 1.00557e-06 9.83607e-07 9.60674e-07 9.36794e-07 9.11989e-07 8.86284e-07 8.59704e-07 8.32276e-07 8.04026e-07 7.74983e-07 7.45175e-07 7.14632e-07 6.83384e-07 6.51461e-07 6.18895e-07 5.85719e-07 5.51964e-07 5.17665e-07 4.82854e-07 4.47568e-07 4.11839e-07 3.75704e-07 3.39199e-07 3.02358e-07 2.6522e-07 2.27819e-07 1.90194e-07 1.52381e-07 1.14417e-07 7.6341e-08 3.81894e-08 0  
0 3.9717e-08 7.93948e-08 1.18994e-07 1.58476e-07 1.97802e-07 2.36932e-07 2.75829e-07 3.14453e-07 3.52767e-07 3.90733e-07 4.28313e-07 4.65471e-07 5.02169e-07 5.38372e-07 5.74043e-07 6.09148e-07 6.43652e-07 6.7752e-07 7.1072e-07 7.43218e-07 7.74983e-07 8.05983e-07 8.36188e-07 8.65568e-07 8.94093e-07 9.21736e-07 9.48469e-07 9.74267e-07 9.99102e-07 1.02295e-06 1.04579e-06 1.0676e-06 1.08836e-06 1.10804e-06 1.12662e-06 1.1441e-06 1.16044e-06 1.17565e-06 1.18969e-06 1.20255e-06 1.21423e-06 1.22471e-06 1.23399e-06 1.24204e-06 1.24887e-06 1.25447e-06 1.25883e-06 1.26194e-06 1.26381e-06 1.26444e-06 1.26381e-06 1.26194e-06 1.25883e-06 1.25447e-06 1.24887e-06 1.24204e-06 1.23399e-06 1.22471e-06 1.21423e-06 1.20255e-06 1.18969e-06 1.17565e-06 1.16044e-06 1.1441e-06 1.12662e-06 1.10804e-06 1.08836e-06 1.0676e-06 1.04579e-06 1.02295e-06 9.99102e-07 9.74267e-07 9.48469e-07 9.21736e-07 8.94093e-07 8.65568e-07 8.36188e-07 8.05983e-07 7.74983e-07 7.43218e-07 7.1072e-07 6.7752e-07 6.43652e-07 6.09148e-07 5.74043e-07 5.38372e-07 5.02169e-07 4.65471e-07 4.28313e-07 3.90733e-07 3.52767e-07 3.14453e-07 2.75829e-07 2.36932e-07 1.97802e-07 1.58476e-07 1.18994e-07 7.93948e-08 3.9717e-08 0  
0 4.12054e-08 8.23701e-08 1.23454e-07 1.64415e-07 2.05215e-07 2.45811e-07 2.86166e-07 3.26237e-07 3.65987e-07 4.05376e-07 4.44365e-07 4.82915e-07 5.20988e-07 5.58548e-07 5.95556e-07 6.31976e-07 6.67773e-07 7.02911e-07 7.37355e-07 7.71071e-07 8.04026e-07 8.36188e-07 8.67525e-07 8.98005e-07 9.276e-07 9.56279e-07 9.84014e-07 1.01078e-06 1.03654e-06 1.06129e-06 1.08498e-06 1.10761e-06 1.12914e-06 1.14956e-06 1.16884e-06 1.18697e-06 1.20393e-06 1.2197e-06 1.23427e-06 1.24762e-06 1.25974e-06 1.27061e-06 1.28023e-06 1.28859e-06 1.29567e-06 1.30148e-06 1.306e-06 1.30924e-06 1.31118e-06 1.31182e-06 1.31118e-06 1.30924e-06 1.306e-06 1.30148e-06 1.29567e-06 1.28859e-06 1.28023e-06 1.27061e-06 1.25974e-06 1.24762e-06 1.23427e-06 1.2197e-06 1.20393e-06 1.18697e-06 1.16884e-06 1.14956e-06 1.12914e-06 1.10761e-06 1.08498e-06 1.06129e-06 1.03654e-06 1.01078e-06 9.84014e-07 9.56279e-07 9.276e-07 8.98005e-07 8.67525e-07 8.36188e-07 8.04026e-07 7.71071e-07 7.37355e-07 7.02911e-07 6.67773e-07 6.31976e-07 5.95556e-07 5.58548e-07 5.20988e-07 4.82915e-07 4.44365e-07 4.05376e-07 3.65987e-07 3.26237e-07 2.86166e-07 2.45811e-07 2.05215e-07 1.64415e-07 1.23454e-07 8.23701e-08 4.12054e-08 0  
0 4.26531e-08 8.52642e-08 1.27791e-07 1.70192e-07 2.12425e-07 2.54448e-07 2.9622e-07 3.377e-07 3.78846e-07 4.19619e-07 4.59977e-07 4.99882e-07 5.39293e-07 5.78172e-07 6.16481e-07 6.54181e-07 6.91235e-07 7.27607e-07 7.63262e-07 7.98163e-07 8.32276e-07 8.65568e-07 8.98005e-07 9.29557e-07 9.60191e-07 9.89878e-07 1.01859e-06 1.04629e-06 1.07296e-06 1.09858e-06 1.12311e-06 1.14653e-06 1.16881e-06 1.18995e-06 1.20991e-06 1.22868e-06 1.24623e-06 1.26256e-06 1.27764e-06 1.29145e-06 1.304e-06 1.31525e-06 1.32521e-06 1.33386e-06 1.3412e-06 1.34721e-06 1.35189e-06 1.35524e-06 1.35725e-06 1.35792e-06 1.35725e-06 1.35524e-06 1.35189e-06 1.34721e-06 1.3412e-06 1.33386e-06 1.32521e-06 1.31525e-06 1.304e-06 1.29145e-06 1.27764e-06 1.26256e-06 1.24623e-06 1.22868e-06 1.20991e-06 1.18995e-06 1.16881e-06 1.14653e-06 1.12311e-06 1.09858e-06 1.07296e-06 1.04629e-06 1.01859e-06 9.89878e-07 9.60191e-07 9.29557e-07 8.98005e-07 8.65568e-07 8.32276e-07 7.98163e-07 7.63262e-07 7.27607e-07 6.91235e-07 6.54181e-07 6.16481e-07 5.78172e-07 5.39293e-07 4.99882e-07 4.59977e-07 4.19619e-07 3.78846e-07 3.377e-07 2.9622e-07 2.54448e-07 2.12425e-07 1.70192e-07 1.27791e-07 8.52642e-08 4.26531e-08 0  
0 4.40588e-08 8.80741e-08 1.32003e-07 1.75801e-07 2.19425e-07 2.62833e-07 3.05982e-07 3.48829e-07 3.91331e-07 4.33448e-07 4.75136e-07 5.16356e-07 5.57066e-07 5.97226e-07 6.36797e-07 6.7574e-07 7.14015e-07 7.51586e-07 7.88415e-07 8.24466e-07 8.59704e-07 8.94093e-07 9.276e-07 9.60191e-07 9.91835e-07 1.0225e-06 1.05216e-06 1.08077e-06 1.10832e-06 1.13478e-06 1.16012e-06 1.18431e-06 1.20733e-06 1.22917e-06 1.24978e-06 1.26917e-06 1.2873e-06 1.30417e-06 1.31974e-06 1.33401e-06 1.34697e-06 1.3586e-06 1.36889e-06 1.37782e-06 1.3854e-06 1.39161e-06 1.39644e-06 1.3999e-06 1.40197e-06 1.40267e-06 1.40197e-06 1.3999e-06 1.39644e-06 1.39161e-06 1.3854e-06 1.37782e-06 1.36889e-06 1.3586e-06 1.34697e-06 1.33401e-06 1.31974e-06 1.30417e-06 1.2873e-06 1.26917e-06 1.24978e-06 1.22917e-06 1.20733e-06 1.18431e-06 1.16012e-06 1.13478e-06 1.10832e-06 1.08077e-06 1.05216e-06 1.0225e-06 9.91835e-07 9.60191e-07 9.276e-07 8.94093e-07 8.59704e-07 8.24466e-07 7.88415e-07 7.51586e-07 7.14015e-07 6.7574e-07 6.36797e-07 5.97226e-07 5.57066e-07 5.16356e-07 4.75136e-07 4.33448e-07 3.91331e-07 3.48829e-07 3.05982e-07 2.62833e-07 2.19425e-07 1.75801e-07 1.32003e-07 8.80741e-08 4.40588e-08 0  
0 4.5421e-08 9.07972e-08 1.36084e-07 1.81236e-07 2.26209e-07 2.7096e-07 3.15442e-07 3.59614e-07 4.0343e-07 4.46849e-07 4.89826e-07 5.3232e-07 5.74289e-07 6.15691e-07 6.56485e-07 6.96632e-07 7.36091e-07 7.74823e-07 8.12791e-07 8.49957e-07 8.86284e-07 9.21736e-07 9.56279e-07 9.89878e-07 1.0225e-06 1.05411e-06 1.08469e-06 1.11419e-06 1.14259e-06 1.16987e-06 1.19599e-06 1.22093e-06 1.24466e-06 1.26717e-06 1.28842e-06 1.30841e-06 1.3271e-06 1.34449e-06 1.36054e-06 1.37526e-06 1.38862e-06 1.4006e-06 1.41121e-06 1.42042e-06 1.42823e-06 1.43463e-06 1.43962e-06 1.44318e-06 1.44532e-06 1.44603e-06 1.44532e-06 1.44318e-06 1.43962e-06 1.43463e-06 1.42823e-06 1.42042e-06 1.41121e-06 1.4006e-06 1.38862e-06 1.37526e-06 1.36054e-06 1.34449e-06 1.3271e-06 1.30841e-06 1.28842e-06 1.26717e-06 1.24466e-06 1.22093e-06 1.19599e-06 1.16987e-06 1.14259e-06 1.11419e-06 1.08469e-06 1.05411e-06 1.0225e-06 9.89878e-07 9.56279e-07 9.21736e-07 8.86284e-07 8.49957e-07 8.12791e-07 7.74823e-07 7.36091e-07 6.96632e-07 6.56485e-07 6.15691e-07 5.74289e-07 5.3232e-07 4.89826e-07 4.46849e-07 4.0343e-07 3.59614e-07 3.15442e-07 2.7096e-07 2.26209e-07 1.81236e-07 1.36084e-07 9.07972e-08 4.5421e-08 0  
0 4.67383e-08 9.34306e-08 1.40031e-07 1.86492e-07 2.3277e-07 2.78818e-07 3.24591e-07 3.70044e-07 4.15131e-07 4.59809e-07 5.04033e-07 5.47759e-07 5.90945e-07 6.33548e-07 6.75525e-07 7.16836e-07 7.5744e-07 7.97296e-07 8.36365e-07 8.74608e-07 9.11989e-07 9.48469e-07 9.84014e-07 1.01859e-06 1.05216e-06 1.08469e-06 1.11614e-06 1.1465e-06 1.17573e-06 1.2038e-06 1.23067e-06 1.25634e-06 1.28076e-06 1.30392e-06 1.32579e-06 1.34636e-06 1.36559e-06 1.38348e-06 1.4e-06 1.41515e-06 1.42889e-06 1.44123e-06 1.45214e-06 1.46162e-06 1.46965e-06 1.47624e-06 1.48137e-06 1.48504e-06 1.48724e-06 1.48797e-06 1.48724e-06 1.48504e-06 1.48137e-06 1.47624e-06 1.46965e-06 1.46162e-06 1.45214e-06 1.44123e-06 1.42889e-06 1.41515e-06 1.4e-06 1.38348e-06 1.36559e-06 1.34636e-06 1.32579e-06 1.30392e-06 1.28076e-06 1.25634e-06 1.23067e-06 1.2038e-06 1.17573e-06 1.1465e-06 1.11614e-06 1.08469e-06 1.05216e-06 1.01859e-06 9.84014e-07 9.48469e-07 9.11989e-07 8.74608e-07 8.36365e-07 7.97296e-07 7.5744e-07 7.16836e-07 6.75525e-07 6.33548e-07 5.90945e-07 5.47759e-07 5.04033e-07 4.59809e-07 4.15131e-07 3.70044e-07 3.24591e-07 2.78818e-07 2.3277e-07 1.86492e-07 1.40031e-07 9.34306e-08 4.67383e-08 0  
0 4.80096e-08 9.59718e-08 1.43839e-07 1.91565e-07 2.39101e-07 2.86402e-07 3.3342e-07 3.80108e-07 4.26422e-07 4.72315e-07 5.17742e-07 5.62658e-07 6.07018e-07 6.5078e-07 6.93899e-07 7.36333e-07 7.78041e-07 8.18981e-07 8.59113e-07 8.98397e-07 9.36794e-07 9.74267e-07 1.01078e-06 1.04629e-06 1.08077e-06 1.11419e-06 1.1465e-06 1.17769e-06 1.20771e-06 1.23654e-06 1.26415e-06 1.29051e-06 1.3156e-06 1.33939e-06 1.36185e-06 1.38298e-06 1.40274e-06 1.42111e-06 1.43808e-06 1.45364e-06 1.46775e-06 1.48042e-06 1.49163e-06 1.50137e-06 1.50963e-06 1.51639e-06 1.52166e-06 1.52543e-06 1.52769e-06 1.52844e-06 1.52769e-06 1.52543e-06 1.52166e-06 1.51639e-06 1.50963e-06 1.50137e-06 1.49163e-06 1.48042e-06 1.46775e-06 1.45364e-06 1.43808e-06 1.42111e-06 1.40274e-06 1.38298e-06 1.36185e-06 1.33939e-06 1.3156e-06 1.29051e-06 1.26415e-06 1.23654e-06 1.20771e-06 1.17769e-06 1.1465e-06 1.11419e-06 1.08077e-06 1.04629e-06 1.01078e-06 9.74267e-07 9.36794e-07 8.98397e-07 8.59113e-07 8.18981e-07 7.78041e-07 7.36333e-07 6.93899e-07 6.5078e-07 6.07018e-07 5.62658e-07 5.17742e-07 4.72315e-07 4.26422e-07 3.80108e-07 3.3342e-07 2.86402e-07 2.39101e-07 1.91565e-07 1.43839e-07 9.59718e-08 4.80096e-08 0  
0 4.92334e-08 9.84183e-08 1.47506e-07 1.96448e-07 2.45196e-07 2.93703e-07 3.41919e-07 3.89798e-07 4.37292e-07 4.84355e-07 5.3094e-07 5.77001e-07 6.22492e-07 6.67369e-07 7.11588e-07 7.55104e-07 7.97875e-07 8.39858e-07 8.81013e-07 9.21298e-07 9.60674e-07 9.99102e-07 1.03654e-06 1.07296e-06 1.10832e-06 1.14259e-06 1.17573e-06 1.20771e-06 1.23849e-06 1.26806e-06 1.29637e-06 1.32341e-06 1.34913e-06 1.37353e-06 1.39657e-06 1.41823e-06 1.43849e-06 1.45734e-06 1.47474e-06 1.49069e-06 1.50517e-06 1.51816e-06 1.52966e-06 1.53964e-06 1.54811e-06 1.55505e-06 1.56045e-06 1.56431e-06 1.56663e-06 1.56741e-06 1.56663e-06 1.56431e-06 1.56045e-06 1.55505e-06 1.54811e-06 1.53964e-06 1.52966e-06 1.51816e-06 1.50517e-06 1.49069e-06 1.47474e-06 1.45734e-06 1.43849e-06 1.41823e-06 1.39657e-06 1.37353e-06 1.34913e-06 1.32341e-06 1.29637e-06 1.26806e-06 1.23849e-06 1.20771e-06 1.17573e-06 1.14259e-06 1.10832e-06 1.07296e-06 1.03654e-06 9.99102e-07 9.60674e-07 9.21298e-07 8.81013e-07 8.39858e-07 7.97875e-07 7.55104e-07 7.11588e-07 6.67369e-07 6.22492e-07 5.77001e-07 5.3094e-07 4.84355e-07 4.37292e-07 3.89798e-07 3.41919e-07 2.93703e-07 2.45196e-07 1.96448e-07 1.47506e-07 9.84183e-08 4.92334e-08 0  
0 5.04087e-08 1.00768e-07 1.51027e-07 2.01138e-07 2.5105e-07 3.00714e-07 3.50081e-07 3.99103e-07 4.47731e-07 4.95917e-07 5.43614e-07 5.90775e-07 6.37352e-07 6.833e-07 7.28574e-07 7.73129e-07 8.16921e-07 8.59907e-07 9.02044e-07 9.43291e-07 9.83607e-07 1.02295e-06 1.06129e-06 1.09858e-06 1.13478e-06 1.16987e-06 1.2038e-06 1.23654e-06 1.26806e-06 1.29833e-06 1.32732e-06 1.355e-06 1.38134e-06 1.40632e-06 1.42991e-06 1.45209e-06 1.47283e-06 1.49213e-06 1.50995e-06 1.52628e-06 1.5411e-06 1.5544e-06 1.56617e-06 1.5764e-06 1.58506e-06 1.59217e-06 1.5977e-06 1.60166e-06 1.60403e-06 1.60482e-06 1.60403e-06 1.60166e-06 1.5977e-06 1.59217e-06 1.58506e-06 1.5764e-06 1.56617e-06 1.5544e-06 1.5411e-06 1.52628e-06 1.50995e-06 1.49213e-06 1.47283e-06 1.45209e-06 1.42991e-06 1.40632e-06 1.38134e-06 1.355e-06 1.32732e-06 1.29833e-06 1.26806e-06 1.23654e-06 1.2038e-06 1.16987e-06 1.13478e-06 1.09858e-06 1.06129e-06 1.02295e-06 9.83607e-07 9.43291e-07 9.02044e-07 8.59907e-07 8.16921e-07 7.73129e-07 7.28574e-07 6.833e-07 6.37352e-07 5.90775e-07 5.43614e-07 4.95917e-07 4.47731e-07 3.99103e-07 3.50081e-07 3.00714e-07 2.5105e-07 2.01138e-07 1.51027e-07 1.00768e-07 5.04087e-08 0  
0 5.15342e-08 1.03018e-07 1.54399e-07 2.05629e-07 2.56655e-07 3.07428e-07 3.57898e-07 4.08014e-07 4.57728e-07 5.0699e-07 5.55752e-07 6.03965e-07 6.51582e-07 6.98557e-07 7.44842e-07 7.90391e-07 8.35161e-07 8.79107e-07 9.22185e-07 9.64353e-07 1.00557e-06 1.04579e-06 1.08498e-06 1.12311e-06 1.16012e-06 1.19599e-06 1.23067e-06 1.26415e-06 1.29637e-06 1.32732e-06 1.35695e-06 1.38525e-06 1.41218e-06 1.43772e-06 1.46183e-06 1.48451e-06 1.50572e-06 1.52544e-06 1.54366e-06 1.56036e-06 1.57551e-06 1.58911e-06 1.60114e-06 1.61159e-06 1.62046e-06 1.62772e-06 1.63337e-06 1.63742e-06 1.63984e-06 1.64065e-06 1.63984e-06 1.63742e-06 1.63337e-06 1.62772e-06 1.62046e-06 1.61159e-06 1.60114e-06 1.58911e-06 1.57551e-06 1.56036e-06 1.54366e-06 1.52544e-06 1.50572e-06 1.48451e-06 1.46183e-06 1.43772e-06 1.41218e-06 1.38525e-06 1.35695e-06 1.32732e-06 1.29637e-06 1.26415e-06 1.23067e-06 1.19599e-06 1.16012e-06 1.12311e-06 1.08498e-06 1.04579e-06 1.00557e-06 9.64353e-07 9.22185e-07 8.79107e-07 8.35161e-07 7.90391e-07 7.44842e-07 6.98557e-07 6.51582e-07 6.03965e-07 5.55752e-07 5.0699e-07 4.57728e-07 4.08014e-07 3.57898e-07 3.07428e-07 2.56655e-07 2.05629e-07 1.54399e-07 1.03018e-07 5.15342e-08 0  
0 5.26089e-08 1.05166e-07 1.57619e-07 2.09917e-07 2.62007e-07 3.13839e-07 3.65361e-07 4.16523e-07 4.67273e-07 5.17563e-07 5.67341e-07 6.1656e-07 6.6517e-07 7.13124e-07 7.60374e-07 8.06874e-07 8.52577e-07 8.97439e-07 9.41415e-07 9.84462e-07 1.02654e-06 1.0676e-06 1.10761e-06 1.14653e-06 1.18431e-06 1.22093e-06 1.25634e-06 1.29051e-06 1.32341e-06 1.355e-06 1.38525e-06 1.41414e-06 1.44163e-06 1.4677e-06 1.49232e-06 1.51547e-06 1.53712e-06 1.55725e-06 1.57585e-06 1.59289e-06 1.60836e-06 1.62225e-06 1.63453e-06 1.6452e-06 1.65425e-06 1.66166e-06 1.66743e-06 1.67156e-06 1.67404e-06 1.67487e-06 1.67404e-06 1.67156e-06 1.66743e-06 1.66166e-06 1.65425e-06 1.6452e-06 1.63453e-06 1.62225e-06 1.60836e-06 1.59289e-06 1.57585e-06 1.55725e-06 1.53712e-06 1.51547e-06 1.49232e-06 1.4677e-06 1.44163e-06 1.41414e-06 1.38525e-06 1.355e-06 1.32341e-06 1.29051e-06 1.25634e-06 1.22093e-06 1.18431e-06 1.14653e-06 1.10761e-06 1.0676e-06 1.02654e-06 9.84462e-07 9.41415e-07 8.97439e-07 8.52577e-07 8.06874e-07 7.60374e-07 7.13124e-07 6.6517e-07 6.1656e-07 5.67341e-07 5.17563e-07 4.67273e-07 4.16523e-07 3.65361e-07 3.13839e-07 2.62007e-07 2.09917e-07 1.57619e-07 1.05166e-07 5.26089e-08 0  
0 5.36316e-08 1.0721e-07 1.60683e-07 2.13997e-07 2.67101e-07 3.1994e-07 3.72464e-07 4.2462e-07 4.76357e-07 5.27624e-07 5.78371e-07 6.28546e-07 6.78101e-07 7.26987e-07 7.75156e-07 8.2256e-07 8.69151e-07 9.14886e-07 9.59717e-07 1.0036e-06 1.04649e-06 1.08836e-06 1.12914e-06 1.16881e-06 1.20733e-06 1.24466e-06 1.28076e-06 1.3156e-06 1.34913e-06 1.38134e-06 1.41218e-06 1.44163e-06 1.46965e-06 1.49623e-06 1.52133e-06 1.54493e-06 1.567e-06 1.58753e-06 1.60649e-06 1.62386e-06 1.63963e-06 1.65379e-06 1.66631e-06 1.67718e-06 1.68641e-06 1.69396e-06 1.69985e-06 1.70406e-06 1.70659e-06 1.70743e-06 1.70659e-06 1.70406e-06 1.69985e-06 1.69396e-06 1.68641e-06 1.67718e-06 1.66631e-06 1.65379e-06 1.63963e-06 1.62386e-06 1.60649e-06 1.58753e-06 1.567e-06 1.54493e-06 1.52133e-06 1.49623e-06 1.46965e-06 1.44163e-06 1.41218e-06 1.38134e-06 1.34913e-06 1.3156e-06 1.28076e-06 1.24466e-06 1.20733e-06 1.16881e-06 1.12914e-06 1.08836e-06 1.04649e-06 1.0036e-06 9.59717e-07 9.14886e-07 8.69151e-07 8.2256e-07 7.75156e-07 7.26987e-07 6.78101e-07 6.28546e-07 5.78371e-07 5.27624e-07 4.76357e-07 4.2462e-07 3.72464e-07 3.1994e-07 2.67101e-07 2.13997e-07 1.60683e-07 1.0721e-07 5.36316e-08 0  
