0.00501
0 0 0 0 0 0 0 0 0 0 0 0 0 0 0 0 0 0 0 0 0 0 0 0 0 0 0 0 0 0 0 0 0 0 0 0 0 0 0 0 0 0 0 0 0 0 0 0 0 0 0 0 0 0 0 0 0 0 0 0 0 0 0 0 0 0 0 0 0 0 0 0 0 0 0 0 0 0 0 0 0 0 0 0 0 0 0 0 0 0 0 0 0 0 0 0 0 0 0 0 0  
0 1.84194e-08 3.75644e-08 5.81877e-08 8.10976e-08 1.07188e-07 1.37468e-07 1.73101e-07 2.15438e-07 2.66064e-07 3.2684e-07 3.99961e-07 4.88003e-07 5.93988e-07 7.2144e-07 8.7445e-07 1.05773e-06 1.27667e-06 1.53739e-06 1.84672e-06 2.21226e-06 2.64233e-06 3.14588e-06 3.7324e-06 4.41178e-06 5.194e-06 6.08891e-06 7.10586e-06 8.25325e-06 9.53805e-06 1.09653e-05 1.25375e-05 1.42542e-05 1.61112e-05 1.81003e-05 2.02087e-05 2.24192e-05 2.47095e-05 2.70527e-05 2.94173e-05 3.17682e-05 3.4067e-05 3.62733e-05 3.83457e-05 4.02431e-05 4.1926e-05 4.33582e-05 4.45078e-05 4.53486e-05 4.58611e-05 4.60333e-05 4.58611e-05 4.53486e-05 4.45078e-05 4.33582e-05 4.1926e-05 4.02431e-05 3.83457e-05 3.62733e-05 3.4067e-05 3.17682e-05 2.94173e-05 2.70527e-05 2.47095e-05 2.24192e-05 2.02087e-05 1.81003e-05 1.61112e-05 1.42542e-05 1.25375e-05 1.09653e-05 9.53805e-06 8.25325e-06 7.10586e-06 6.08891e-06 5.194e-06 4.41178e-06 3.7324e-06 3.14588e-06 2.64233e-06 2.21226e-06 1.84672e-06 1.53739e-06 1.27667e-06 1.05773e-06 8.7445e-07 7.2144e-07 5.93988e-07 4.88003e-07 3.99961e-07 3.2684e-07 2.66064e-07 2.15438e-07 1.73101e-07 1.37468e-07 1.07188e-07 8.10976e-08 5.81877e-08 3.75644e-08 1.84194e-08 0  
0 3.75644e-08 7.66083e-08 1.18667e-07 1.6539e-07 2.18597e-07 2.80351e-07 3.5302e-07 4.39362e-07 5.42607e-07 6.66554e-07 8.15676e-07 9.95228e-07 1.21137e-06 1.4713e-06 1.78334e-06 2.15712e-06 2.60363e-06 3.13532e-06 3.76616e-06 4.51165e-06 5.38872e-06 6.41565e-06 7.6118e-06 8.9973e-06 1.05925e-05 1.24176e-05 1.44916e-05 1.68315e-05 1.94517e-05 2.23624e-05 2.55688e-05 2.90697e-05 3.28568e-05 3.69132e-05 4.12132e-05 4.57213e-05 5.0392e-05 5.51705e-05 5.99929e-05 6.47872e-05 6.94754e-05 7.39749e-05 7.82013e-05 8.20707e-05 8.55028e-05 8.84236e-05 9.07681e-05 9.24828e-05 9.3528e-05 9.38791e-05 9.3528e-05 9.24828e-05 9.07681e-05 8.84236e-05 8.55028e-05 8.20707e-05 7.82013e-05 7.39749e-05 6.94754e-05 6.47872e-05 5.99929e-05 5.51705e-05 5.0392e-05 4.57213e-05 4.12132e-05 3.69132e-05 3.28568e-05 2.90697e-05 2.55688e-05 2.23624e-05 1.94517e-05 1.68315e-05 1.44916e-05 1.24176e-05 1.05925e-05 8.9973e-06 7.6118e-06 6.41565e-06 5.38872e-06 4.51165e-06 3.76616e-06 3.13532e-06 2.60363e-06 2.15712e-06 1.78334e-06 1.4713e-06 1.21137e-06 9.95228e-07 8.15676e-07 6.66554e-07 5.42607e-07 4.39362e-07 3.5302e-07 2.80351e-07 2.18597e-07 1.6539e-07 1.18667e-07 7.66083e-08 3.75644e-08 0  
0 5.81877e-08 1.18667e-07 1.83817e-07 2.5619e-07 3.3861e-07 4.34267e-07 5.46832e-07 6.80577e-07 8.40505e-07 1.0325e-06 1.26349e-06 1.54162e-06 1.87643e-06 2.27905e-06 2.76241e-06 3.3414e-06 4.03305e-06 4.85664e-06 5.83382e-06 6.98858e-06 8.34716e-06 9.93788e-06 1.17907e-05 1.39369e-05 1.64079e-05 1.92349e-05 2.24475e-05 2.60721e-05 3.01307e-05 3.46394e-05 3.9606e-05 4.50289e-05 5.08951e-05 5.71785e-05 6.38392e-05 7.08221e-05 7.8057e-05 8.54589e-05 9.29287e-05 0.000100355 0.000107617 0.000114587 0.000121133 0.000127127 0.000132443 0.000136967 0.000140599 0.000143255 0.000144874 0.000145418 0.000144874 0.000143255 0.000140599 0.000136967 0.000132443 0.000127127 0.000121133 0.000114587 0.000107617 0.000100355 9.29287e-05 8.54589e-05 7.8057e-05 7.08221e-05 6.38392e-05 5.71785e-05 5.08951e-05 4.50289e-05 3.9606e-05 3.46394e-05 3.01307e-05 2.60721e-05 2.24475e-05 1.92349e-05 1.64079e-05 1.39369e-05 1.17907e-05 9.93788e-06 8.34716e-06 6.98858e-06 5.83382e-06 4.85664e-06 4.03305e-06 3.3414e-06 2.76241e-06 2.27905e-06 1.87643e-06 1.54162e-06 1.26349e-06 1.0325e-06 8.40505e-07 6.80577e-07 5.46832e-07 4.34267e-07 3.3861e-07 2.5619e-07 1.83817e-07 1.18667e-07 5.81877e-08 0  
0 8.10976e-08 1.6539e-07 2.5619e-07 3.57059e-07 4.71929e-07 6.05249e-07 7.62134e-07 9.48537e-07 1.17143e-06 1.43902e-06 1.76096e-06 2.14859e-06 2.61522e-06 3.17637e-06 3.85004e-06 4.65699e-06 5.62095e-06 6.7688e-06 8.13072e-06 9.74012e-06 1.16336e-05 1.38506e-05 1.6433e-05 1.9424e-05 2.28679e-05 2.6808e-05 3.12854e-05 3.6337e-05 4.19935e-05 4.82773e-05 5.51993e-05 6.27572e-05 7.09329e-05 7.96901e-05 8.89731e-05 9.87051e-05 0.000108788 0.000119104 0.000129515 0.000139865 0.000149986 0.000159699 0.000168823 0.000177177 0.000184586 0.000190891 0.000195953 0.000199654 0.000201911 0.000202669 0.000201911 0.000199654 0.000195953 0.000190891 0.000184586 0.000177177 0.000168823 0.000159699 0.000149986 0.000139865 0.000129515 0.000119104 0.000108788 9.87051e-05 8.89731e-05 7.96901e-05 7.09329e-05 6.27572e-05 5.51993e-05 4.82773e-05 4.19935e-05 3.6337e-05 3.12854e-05 2.6808e-05 2.28679e-05 1.9424e-05 1.6433e-05 1.38506e-05 1.16336e-05 9.74012e-06 8.13072e-06 6.7688e-06 5.62095e-06 4.65699e-06 3.85004e-06 3.17637e-06 2.61522e-06 2.14859e-06 1.76096e-06 1.43902e-06 1.17143e-06 9.48537e-07 7.62134e-07 6.05249e-07 4.71929e-07 3.57059e-07 2.5619e-07 1.6539e-07 8.10976e-08 0  
0 1.07188e-07 2.18597e-07 3.3861e-07 4.71929e-07 6.23754e-07 7.99964e-07 1.00732e-06 1.25369e-06 1.54829e-06 1.90197e-06 2.32748e-06 2.83982e-06 3.45656e-06 4.19824e-06 5.08863e-06 6.15518e-06 7.42925e-06 8.94637e-06 1.07464e-05 1.28736e-05 1.53762e-05 1.83064e-05 2.17194e-05 2.56728e-05 3.02245e-05 3.54321e-05 4.13497e-05 4.80263e-05 5.55026e-05 6.38077e-05 7.29564e-05 8.29455e-05 9.37511e-05 0.000105325 0.000117594 0.000130457 0.000143784 0.000157418 0.000171177 0.000184857 0.000198233 0.000211071 0.00022313 0.00023417 0.000243963 0.000252296 0.000258986 0.000263878 0.00026686 0.000267862 0.00026686 0.000263878 0.000258986 0.000252296 0.000243963 0.00023417 0.00022313 0.000211071 0.000198233 0.000184857 0.000171177 0.000157418 0.000143784 0.000130457 0.000117594 0.000105325 9.37511e-05 8.29455e-05 7.29564e-05 6.38077e-05 5.55026e-05 4.80263e-05 4.13497e-05 3.54321e-05 3.02245e-05 2.56728e-05 2.17194e-05 1.83064e-05 1.53762e-05 1.28736e-05 1.07464e-05 8.94637e-06 7.42925e-06 6.15518e-06 5.08863e-06 4.19824e-06 3.45656e-06 2.83982e-06 2.32748e-06 1.90197e-06 1.54829e-06 1.25369e-06 1.00732e-06 7.99964e-07 6.23754e-07 4.71929e-07 3.3861e-07 2.18597e-07 1.07188e-07 0  
0 1.37468e-07 2.80351e-07 4.34267e-07 6.05249e-07 7.99964e-07 1.02595e-06 1.29189e-06 1.60786e-06 1.98569e-06 2.43927e-06 2.98498e-06 3.64206e-06 4.43303e-06 5.38422e-06 6.52614e-06 7.89398e-06 9.52796e-06 1.14736e-05 1.37822e-05 1.65102e-05 1.97197e-05 2.34777e-05 2.78549e-05 3.29249e-05 3.87624e-05 4.54409e-05 5.30301e-05 6.15927e-05 7.11807e-05 8.18316e-05 9.35645e-05 0.000106375 0.000120233 0.000135076 0.000150811 0.000167306 0.000184397 0.000201882 0.000219528 0.000237071 0.000254225 0.00027069 0.000286154 0.000300313 0.000312871 0.000323558 0.000332137 0.000338411 0.000342236 0.00034352 0.000342236 0.000338411 0.000332137 0.000323558 0.000312871 0.000300313 0.000286154 0.00027069 0.000254225 0.000237071 0.000219528 0.000201882 0.000184397 0.000167306 0.000150811 0.000135076 0.000120233 0.000106375 9.35645e-05 8.18316e-05 7.11807e-05 6.15927e-05 5.30301e-05 4.54409e-05 3.87624e-05 3.29249e-05 2.78549e-05 2.34777e-05 1.97197e-05 1.65102e-05 1.37822e-05 1.14736e-05 9.52796e-06 7.89398e-06 6.52614e-06 5.38422e-06 4.43303e-06 3.64206e-06 2.98498e-06 2.43927e-06 1.98569e-06 1.60786e-06 1.29189e-06 1.02595e-06 7.99964e-07 6.05249e-07 4.34267e-07 2.80351e-07 1.37468e-07 0  
0 1.73101e-07 3.5302e-07 5.46832e-07 7.62134e-07 1.00732e-06 1.29189e-06 1.62675e-06 2.02463e-06 2.50039e-06 3.07155e-06 3.75871e-06 4.58609e-06 5.58209e-06 6.77982e-06 8.21773e-06 9.94011e-06 1.19976e-05 1.44476e-05 1.73545e-05 2.07896e-05 2.4831e-05 2.95629e-05 3.50746e-05 4.14586e-05 4.88091e-05 5.72185e-05 6.67745e-05 7.75562e-05 8.9629e-05 0.00010304 0.000117814 0.000133944 0.000151393 0.000170083 0.000189895 0.000210666 0.000232186 0.000254202 0.00027642 0.000298509 0.000320109 0.00034084 0.000360312 0.000378139 0.000393952 0.000407408 0.00041821 0.00042611 0.000430925 0.000432543 0.000430925 0.00042611 0.00041821 0.000407408 0.000393952 0.000378139 0.000360312 0.00034084 0.000320109 0.000298509 0.00027642 0.000254202 0.000232186 0.000210666 0.000189895 0.000170083 0.000151393 0.000133944 0.000117814 0.00010304 8.9629e-05 7.75562e-05 6.67745e-05 5.72185e-05 4.88091e-05 4.14586e-05 3.50746e-05 2.95629e-05 2.4831e-05 2.07896e-05 1.73545e-05 1.44476e-05 1.19976e-05 9.94011e-06 8.21773e-06 6.77982e-06 5.58209e-06 4.58609e-06 3.75871e-06 3.07155e-06 2.50039e-06 2.02463e-06 1.62675e-06 1.29189e-06 1.00732e-06 7.62134e-07 5.46832e-07 3.5302e-07 1.73101e-07 0  
0 2.15438e-07 4.39362e-07 6.80577e-07 9.48537e-07 1.25369e-06 1.60786e-06 2.02463e-06 2.51981e-06 3.11193e-06 3.82278e-06 4.678e-06 5.70774e-06 6.94733e-06 8.438e-06 1.02276e-05 1.23712e-05 1.49319e-05 1.7981e-05 2.15988e-05 2.5874e-05 3.09037e-05 3.67928e-05 4.36523e-05 5.15975e-05 6.07455e-05 7.12113e-05 8.31041e-05 9.65222e-05 0.000111547 0.000128238 0.000146624 0.000166698 0.000188414 0.000211674 0.00023633 0.000262178 0.00028896 0.000316359 0.00034401 0.000371499 0.00039838 0.000424179 0.000448412 0.000470598 0.000490276 0.000507022 0.000520465 0.000530296 0.000536289 0.000538302 0.000536289 0.000530296 0.000520465 0.000507022 0.000490276 0.000470598 0.000448412 0.000424179 0.00039838 0.000371499 0.00034401 0.000316359 0.00028896 0.000262178 0.00023633 0.000211674 0.000188414 0.000166698 0.000146624 0.000128238 0.000111547 9.65222e-05 8.31041e-05 7.12113e-05 6.07455e-05 5.15975e-05 4.36523e-05 3.67928e-05 3.09037e-05 2.5874e-05 2.15988e-05 1.7981e-05 1.49319e-05 1.23712e-05 1.02276e-05 8.438e-06 6.94733e-06 5.70774e-06 4.678e-06 3.82278e-06 3.11193e-06 2.51981e-06 2.02463e-06 1.60786e-06 1.25369e-06 9.48537e-07 6.80577e-07 4.39362e-07 2.15438e-07 0  
0 2.66064e-07 5.42607e-07 8.40505e-07 1.17143e-06 1.54829e-06 1.98569e-06 2.50039e-06 3.11193e-06 3.84319e-06 4.72108e-06 5.77726e-06 7.04897e-06 8.57984e-06 1.04208e-05 1.26308e-05 1.52781e-05 1.84405e-05 2.22061e-05 2.66739e-05 3.19535e-05 3.8165e-05 4.54378e-05 5.39089e-05 6.37208e-05 7.50179e-05 8.79425e-05 0.000102629 0.0001192 0.000137754 0.000158366 0.000181071 0.000205861 0.000232678 0.000261401 0.000291849 0.000323769 0.000356841 0.000390676 0.000424821 0.000458768 0.000491962 0.000523821 0.000553745 0.000581142 0.000605442 0.000626122 0.000642721 0.000654861 0.000662262 0.000664748 0.000662262 0.000654861 0.000642721 0.000626122 0.000605442 0.000581142 0.000553745 0.000523821 0.000491962 0.000458768 0.000424821 0.000390676 0.000356841 0.000323769 0.000291849 0.000261401 0.000232678 0.000205861 0.000181071 0.000158366 0.000137754 0.0001192 0.000102629 8.79425e-05 7.50179e-05 6.37208e-05 5.39089e-05 4.54378e-05 3.8165e-05 3.19535e-05 2.66739e-05 2.22061e-05 1.84405e-05 1.52781e-05 1.26308e-05 1.04208e-05 8.57984e-06 7.04897e-06 5.77726e-06 4.72108e-06 3.84319e-06 3.11193e-06 2.50039e-06 1.98569e-06 1.54829e-06 1.17143e-06 8.40505e-07 5.42607e-07 2.66064e-07 0  
0 3.2684e-07 6.66554e-07 1.0325e-06 1.43902e-06 1.90197e-06 2.43927e-06 3.07155e-06 3.82278e-06 4.72108e-06 5.7995e-06 7.09693e-06 8.65912e-06 1.05397e-05 1.28011e-05 1.5516e-05 1.87679e-05 2.26526e-05 2.72782e-05 3.27665e-05 3.92519e-05 4.68821e-05 5.58158e-05 6.62215e-05 7.82742e-05 9.21512e-05 0.000108027 0.000126068 0.000146422 0.000169213 0.000194531 0.000222421 0.000252872 0.000285811 0.000321093 0.000358492 0.000397701 0.000438323 0.000479883 0.000521823 0.00056352 0.000604292 0.000643424 0.000680179 0.00071383 0.000743678 0.000769079 0.000789467 0.000804379 0.000813469 0.000816523 0.000813469 0.000804379 0.000789467 0.000769079 0.000743678 0.00071383 0.000680179 0.000643424 0.000604292 0.00056352 0.000521823 0.000479883 0.000438323 0.000397701 0.000358492 0.000321093 0.000285811 0.000252872 0.000222421 0.000194531 0.000169213 0.000146422 0.000126068 0.000108027 9.21512e-05 7.82742e-05 6.62215e-05 5.58158e-05 4.68821e-05 3.92519e-05 3.27665e-05 2.72782e-05 2.26526e-05 1.87679e-05 1.5516e-05 1.28011e-05 1.05397e-05 8.65912e-06 7.09693e-06 5.7995e-06 4.72108e-06 3.82278e-06 3.07155e-06 2.43927e-06 1.90197e-06 1.43902e-06 1.0325e-06 6.66554e-07 3.2684e-07 0  
0 3.99961e-07 8.15676e-07 1.26349e-06 1.76096e-06 2.32748e-06 2.98498e-06 3.75871e-06 4.678e-06 5.77726e-06 7.09693e-06 8.68462e-06 1.05963e-05 1.28975e-05 1.56648e-05 1.8987e-05 2.29664e-05 2.772e-05 3.33803e-05 4.00962e-05 4.80323e-05 5.7369e-05 6.83009e-05 8.10339e-05 9.57822e-05 0.000112763 0.000132189 0.000154264 0.00017917 0.000207059 0.000238038 0.000272164 0.000309423 0.000349728 0.000392899 0.00043866 0.000486634 0.00053634 0.000587191 0.000638508 0.000689526 0.000739413 0.000787293 0.000832265 0.000873439 0.000909959 0.000941038 0.000965984 0.00098423 0.000995351 0.000999088 0.000995351 0.00098423 0.000965984 0.000941038 0.000909959 0.000873439 0.000832265 0.000787293 0.000739413 0.000689526 0.000638508 0.000587191 0.00053634 0.000486634 0.00043866 0.000392899 0.000349728 0.000309423 0.000272164 0.000238038 0.000207059 0.00017917 0.000154264 0.000132189 0.000112763 9.57822e-05 8.10339e-05 6.83009e-05 5.7369e-05 4.80323e-05 4.00962e-05 3.33803e-05 2.772e-05 2.29664e-05 1.8987e-05 1.56648e-05 1.28975e-05 1.05963e-05 8.68462e-06 7.09693e-06 5.77726e-06 4.678e-06 3.75871e-06 2.98498e-06 2.32748e-06 1.76096e-06 1.26349e-06 8.15676e-07 3.99961e-07 0  
0 4.88003e-07 9.95228e-07 1.54162e-06 2.14859e-06 2.83982e-06 3.64206e-06 4.58609e-06 5.70774e-06 7.04897e-06 8.65912e-06 1.05963e-05 1.29287e-05 1.57365e-05 1.91129e-05 2.31663e-05 2.80215e-05 3.38213e-05 4.07274e-05 4.89213e-05 5.86039e-05 6.99954e-05 8.33329e-05 9.88679e-05 0.000116861 0.000137578 0.000161279 0.000188212 0.000218597 0.000252621 0.000290416 0.000332049 0.000377506 0.000426677 0.000479344 0.000535172 0.000593699 0.000654337 0.000716373 0.000778977 0.000841216 0.000902076 0.000960486 0.00101535 0.00106558 0.00111013 0.00114804 0.00117848 0.00120074 0.0012143 0.00121886 0.0012143 0.00120074 0.00117848 0.00114804 0.00111013 0.00106558 0.00101535 0.000960486 0.000902076 0.000841216 0.000778977 0.000716373 0.000654337 0.000593699 0.000535172 0.000479344 0.000426677 0.000377506 0.000332049 0.000290416 0.000252621 0.000218597 0.000188212 0.000161279 0.000137578 0.000116861 9.88679e-05 8.33329e-05 6.99954e-05 5.86039e-05 4.89213e-05 4.07274e-05 3.38213e-05 2.80215e-05 2.31663e-05 1.91129e-05 1.57365e-05 1.29287e-05 1.05963e-05 8.65912e-06 7.04897e-06 5.70774e-06 4.58609e-06 3.64206e-06 2.83982e-06 2.14859e-06 1.54162e-06 9.95228e-07 4.88003e-07 0  
0 5.93988e-07 1.21137e-06 1.87643e-06 2.61522e-06 3.45656e-06 4.43303e-06 5.58209e-06 6.94733e-06 8.57984e-06 1.05397e-05 1.28975e-05 1.57365e-05 1.91539e-05 2.32635e-05 2.81971e-05 3.41066e-05 4.11658e-05 4.95714e-05 5.95444e-05 7.13293e-05 8.5194e-05 0.000101427 0.000120335 0.000142234 0.000167449 0.000196294 0.000229073 0.000266054 0.000307462 0.00035346 0.000404129 0.000459451 0.000519293 0.000583389 0.000651331 0.000722558 0.000796355 0.000871851 0.000948038 0.00102378 0.00109785 0.00116893 0.00123569 0.00129682 0.00135104 0.00139718 0.00143421 0.0014613 0.00147781 0.00148336 0.00147781 0.0014613 0.00143421 0.00139718 0.00135104 0.00129682 0.00123569 0.00116893 0.00109785 0.00102378 0.000948038 0.000871851 0.000796355 0.000722558 0.000651331 0.000583389 0.000519293 0.000459451 0.000404129 0.00035346 0.000307462 0.000266054 0.000229073 0.000196294 0.000167449 0.000142234 0.000120335 0.000101427 8.5194e-05 7.13293e-05 5.95444e-05 4.95714e-05 4.11658e-05 3.41066e-05 2.81971e-05 2.32635e-05 1.91539e-05 1.57365e-05 1.28975e-05 1.05397e-05 8.57984e-06 6.94733e-06 5.58209e-06 4.43303e-06 3.45656e-06 2.61522e-06 1.87643e-06 1.21137e-06 5.93988e-07 0  
0 7.2144e-07 1.4713e-06 2.27905e-06 3.17637e-06 4.19824e-06 5.38422e-06 6.77982e-06 8.438e-06 1.04208e-05 1.28011e-05 1.56648e-05 1.91129e-05 2.32635e-05 2.82548e-05 3.42468e-05 4.14241e-05 4.99976e-05 6.02064e-05 7.23185e-05 8.66313e-05 0.00010347 0.000123185 0.000146148 0.000172744 0.000203365 0.000238397 0.000278204 0.000323115 0.000373402 0.000429263 0.000490795 0.000557977 0.000630648 0.000708485 0.000790991 0.000877487 0.000967101 0.00105878 0.0011513 0.00124327 0.00133321 0.00141953 0.0015006 0.00157483 0.00164067 0.00169669 0.00174166 0.00177456 0.0017946 0.00180134 0.0017946 0.00177456 0.00174166 0.00169669 0.00164067 0.00157483 0.0015006 0.00141953 0.00133321 0.00124327 0.0011513 0.00105878 0.000967101 0.000877487 0.000790991 0.000708485 0.000630648 0.000557977 0.000490795 0.000429263 0.000373402 0.000323115 0.000278204 0.000238397 0.000203365 0.000172744 0.000146148 0.000123185 0.00010347 8.66313e-05 7.23185e-05 6.02064e-05 4.99976e-05 4.14241e-05 3.42468e-05 2.82548e-05 2.32635e-05 1.91129e-05 1.56648e-05 1.28011e-05 1.04208e-05 8.438e-06 6.77982e-06 5.38422e-06 4.19824e-06 3.17637e-06 2.27905e-06 1.4713e-06 7.2144e-07 0  
0 8.7445e-07 1.78334e-06 2.76241e-06 3.85004e-06 5.08863e-06 6.52614e-06 8.21773e-06 1.02276e-05 1.26308e-05 1.5516e-05 1.8987e-05 2.31663e-05 2.81971e-05 3.42468e-05 4.15094e-05 5.02085e-05 6.05999e-05 7.29733e-05 8.76534e-05 0.000105001 0.000125409 0.000149303 0.000177134 0.000209368 0.00024648 0.000288937 0.00033718 0.000391609 0.000452553 0.000520251 0.000594821 0.000676239 0.000764306 0.000858634 0.000958621 0.00106344 0.00117204 0.00128314 0.00139525 0.00150671 0.0016157 0.0017203 0.00181855 0.00190849 0.00198827 0.00205616 0.00211066 0.00215052 0.00217481 0.00218298 0.00217481 0.00215052 0.00211066 0.00205616 0.00198827 0.00190849 0.00181855 0.0017203 0.0016157 0.00150671 0.00139525 0.00128314 0.00117204 0.00106344 0.000958621 0.000858634 0.000764306 0.000676239 0.000594821 0.000520251 0.000452553 0.000391609 0.00033718 0.000288937 0.00024648 0.000209368 0.000177134 0.000149303 0.000125409 0.000105001 8.76534e-05 7.29733e-05 6.05999e-05 5.02085e-05 4.15094e-05 3.42468e-05 2.81971e-05 2.31663e-05 1.8987e-05 1.5516e-05 1.26308e-05 1.02276e-05 8.21773e-06 6.52614e-06 5.08863e-06 3.85004e-06 2.76241e-06 1.78334e-06 8.7445e-07 0  
0 1.05773e-06 2.15712e-06 3.3414e-06 4.65699e-06 6.15518e-06 7.89398e-06 9.94011e-06 1.23712e-05 1.52781e-05 1.87679e-05 2.29664e-05 2.80215e-05 3.41066e-05 4.14241e-05 5.02085e-05 6.07305e-05 7.32993e-05 8.82652e-05 0.000106021 0.000127003 0.000151686 0.000180586 0.000214246 0.000253232 0.000298118 0.000349466 0.000407814 0.000473641 0.000547347 0.00062922 0.000719404 0.000817868 0.000924373 0.00103845 0.00115937 0.00128613 0.00141746 0.00155181 0.00168739 0.00182218 0.00195397 0.00208046 0.00219927 0.00230804 0.00240452 0.00248662 0.00255252 0.00260071 0.00263009 0.00263996 0.00263009 0.00260071 0.00255252 0.00248662 0.00240452 0.00230804 0.00219927 0.00208046 0.00195397 0.00182218 0.00168739 0.00155181 0.00141746 0.00128613 0.00115937 0.00103845 0.000924373 0.000817868 0.000719404 0.00062922 0.000547347 0.000473641 0.000407814 0.000349466 0.000298118 0.000253232 0.000214246 0.000180586 0.000151686 0.000127003 0.000106021 8.82652e-05 7.32993e-05 6.07305e-05 5.02085e-05 4.14241e-05 3.41066e-05 2.80215e-05 2.29664e-05 1.87679e-05 1.52781e-05 1.23712e-05 9.94011e-06 7.89398e-06 6.15518e-06 4.65699e-06 3.3414e-06 2.15712e-06 1.05773e-06 0  
0 1.27667e-06 2.60363e-06 4.03305e-06 5.62095e-06 7.42925e-06 9.52796e-06 1.19976e-05 1.49319e-05 1.84405e-05 2.26526e-05 2.772e-05 3.38213e-05 4.11658e-05 4.99976e-05 6.05999e-05 7.32993e-05 8.84688e-05 0.000106531 0.000127961 0.000153284 0.000183074 0.000217952 0.000258575 0.000305626 0.000359795 0.000421763 0.000492177 0.000571617 0.000660564 0.000759366 0.000868196 0.000987017 0.00111554 0.0012532 0.00139911 0.00155207 0.00171054 0.00187267 0.00203627 0.00219891 0.00235794 0.00251057 0.00265393 0.00278517 0.00290158 0.00300065 0.00308016 0.00313832 0.00317377 0.00318568 0.00317377 0.00313832 0.00308016 0.00300065 0.00290158 0.00278517 0.00265393 0.00251057 0.00235794 0.00219891 0.00203627 0.00187267 0.00171054 0.00155207 0.00139911 0.0012532 0.00111554 0.000987017 0.000868196 0.000759366 0.000660564 0.000571617 0.000492177 0.000421763 0.000359795 0.000305626 0.000258575 0.000217952 0.000183074 0.000153284 0.000127961 0.000106531 8.84688e-05 7.32993e-05 6.05999e-05 4.99976e-05 4.11658e-05 3.38213e-05 2.772e-05 2.26526e-05 1.84405e-05 1.49319e-05 1.19976e-05 9.52796e-06 7.42925e-06 5.62095e-06 4.03305e-06 2.60363e-06 1.27667e-06 0  
0 1.53739e-06 3.13532e-06 4.85664e-06 6.7688e-06 8.94637e-06 1.14736e-05 1.44476e-05 1.7981e-05 2.22061e-05 2.72782e-05 3.33803e-05 4.07274e-05 4.95714e-05 6.02064e-05 7.29733e-05 8.82652e-05 0.000106531 0.000128281 0.000154085 0.000184576 0.000220446 0.000262442 0.000311355 0.000368006 0.000433228 0.000507839 0.000592619 0.000688263 0.000795354 0.000914308 0.00104533 0.00118839 0.00134312 0.00150885 0.00168451 0.00186866 0.00205944 0.00225461 0.00245157 0.00264736 0.00283881 0.00302255 0.00319513 0.00335312 0.00349326 0.00361251 0.00370823 0.00377824 0.00382091 0.00383525 0.00382091 0.00377824 0.00370823 0.00361251 0.00349326 0.00335312 0.00319513 0.00302255 0.00283881 0.00264736 0.00245157 0.00225461 0.00205944 0.00186866 0.00168451 0.00150885 0.00134312 0.00118839 0.00104533 0.000914308 0.000795354 0.000688263 0.000592619 0.000507839 0.000433228 0.000368006 0.000311355 0.000262442 0.000220446 0.000184576 0.000154085 0.000128281 0.000106531 8.82652e-05 7.29733e-05 6.02064e-05 4.95714e-05 4.07274e-05 3.33803e-05 2.72782e-05 2.22061e-05 1.7981e-05 1.44476e-05 1.14736e-05 8.94637e-06 6.7688e-06 4.85664e-06 3.13532e-06 1.53739e-06 0  
0 1.84672e-06 3.76616e-06 5.83382e-06 8.13072e-06 1.07464e-05 1.37822e-05 1.73545e-05 2.15988e-05 2.66739e-05 3.27665e-05 4.00962e-05 4.89213e-05 5.95444e-05 7.23185e-05 8.76534e-05 0.000106021 0.000127961 0.000154085 0.000185078 0.0002217 0.000264783 0.000315223 0.00037397 0.000442009 0.000520341 0.00060995 0.000711769 0.000826636 0.000955247 0.0010981 0.00125546 0.00142725 0.00161307 0.00181209 0.00202303 0.00224417 0.00247327 0.00270764 0.00294414 0.00317926 0.00340915 0.00362978 0.00383701 0.00402673 0.004195 0.0043382 0.00445314 0.0045372 0.00458844 0.00460565 0.00458844 0.0045372 0.00445314 0.0043382 0.004195 0.00402673 0.00383701 0.00362978 0.00340915 0.00317926 0.00294414 0.00270764 0.00247327 0.00224417 0.00202303 0.00181209 0.00161307 0.00142725 0.00125546 0.0010981 0.000955247 0.000826636 0.000711769 0.00060995 0.000520341 0.000442009 0.00037397 0.000315223 0.000264783 0.0002217 0.000185078 0.000154085 0.000127961 0.000106021 8.76534e-05 7.23185e-05 5.95444e-05 4.89213e-05 4.00962e-05 3.27665e-05 2.66739e-05 2.15988e-05 1.73545e-05 1.37822e-05 1.07464e-05 8.13072e-06 5.83382e-06 3.76616e-06 1.84672e-06 0  
0 2.21226e-06 4.51165e-06 6.98858e-06 9.74012e-06 1.28736e-05 1.65102e-05 2.07896e-05 2.5874e-05 3.19535e-05 3.92519e-05 4.80323e-05 5.86039e-05 7.13293e-05 8.66313e-05 0.000105001 0.000127003 0.000153284 0.000184576 0.0002217 0.000265567 0.000317172 0.000377589 0.000447954 0.000529448 0.00062327 0.000730597 0.000852545 0.00099012 0.00114415 0.00131525 0.0015037 0.00170945 0.00193198 0.00217033 0.00242295 0.00268778 0.00296214 0.00324281 0.00352603 0.00380758 0.00408288 0.00434709 0.00459524 0.00482243 0.00502393 0.0051954 0.00533304 0.0054337 0.00549506 0.00551567 0.00549506 0.0054337 0.00533304 0.0051954 0.00502393 0.00482243 0.00459524 0.00434709 0.00408288 0.00380758 0.00352603 0.00324281 0.00296214 0.00268778 0.00242295 0.00217033 0.00193198 0.00170945 0.0015037 0.00131525 0.00114415 0.00099012 0.000852545 0.000730597 0.00062327 0.000529448 0.000447954 0.000377589 0.000317172 0.000265567 0.0002217 0.000184576 0.000153284 0.000127003 0.000105001 8.66313e-05 7.13293e-05 5.86039e-05 4.80323e-05 3.92519e-05 3.19535e-05 2.5874e-05 2.07896e-05 1.65102e-05 1.28736e-05 9.74012e-06 6.98858e-06 4.51165e-06 2.21226e-06 0  
0 2.64233e-06 5.38872e-06 8.34716e-06 1.16336e-05 1.53762e-05 1.97197e-05 2.4831e-05 3.09037e-05 3.8165e-05 4.68821e-05 5.7369e-05 6.99954e-05 8.5194e-05 0.00010347 0.000125409 0.000151686 0.000183074 0.000220446 0.000264783 0.000317172 0.000378802 0.000450953 0.000534985 0.000632306 0.000744346 0.000872513 0.00101814 0.00118242 0.00136636 0.00157066 0.00179569 0.00204136 0.00230708 0.00259167 0.00289331 0.00320952 0.0035371 0.00387221 0.00421036 0.00454653 0.00487522 0.00519066 0.00548694 0.00575818 0.00599876 0.00620348 0.0063678 0.00648798 0.00656124 0.00658585 0.00656124 0.00648798 0.0063678 0.00620348 0.00599876 0.00575818 0.00548694 0.00519066 0.00487522 0.00454653 0.00421036 0.00387221 0.0035371 0.00320952 0.00289331 0.00259167 0.00230708 0.00204136 0.00179569 0.00157066 0.00136636 0.00118242 0.00101814 0.000872513 0.000744346 0.000632306 0.000534985 0.000450953 0.000378802 0.000317172 0.000264783 0.000220446 0.000183074 0.000151686 0.000125409 0.00010347 8.5194e-05 6.99954e-05 5.7369e-05 4.68821e-05 3.8165e-05 3.09037e-05 2.4831e-05 1.97197e-05 1.53762e-05 1.16336e-05 8.34716e-06 5.38872e-06 2.64233e-06 0  
0 3.14588e-06 6.41565e-06 9.93788e-06 1.38506e-05 1.83064e-05 2.34777e-05 2.95629e-05 3.67928e-05 4.54378e-05 5.58158e-05 6.83009e-05 8.33329e-05 0.000101427 0.000123185 0.000149303 0.000180586 0.000217952 0.000262442 0.000315223 0.000377589 0.000450953 0.000536842 0.000636872 0.000752719 0.000886086 0.00103865 0.00121199 0.00140753 0.00162646 0.00186963 0.00213747 0.00242987 0.00274613 0.00308485 0.00344385 0.00382018 0.00421005 0.00460887 0.00501131 0.00541138 0.00580256 0.00617796 0.00653055 0.00685334 0.00713964 0.00738327 0.00757882 0.00772184 0.00780902 0.00783831 0.00780902 0.00772184 0.00757882 0.00738327 0.00713964 0.00685334 0.00653055 0.00617796 0.00580256 0.00541138 0.00501131 0.00460887 0.00421005 0.00382018 0.00344385 0.00308485 0.00274613 0.00242987 0.00213747 0.00186963 0.00162646 0.00140753 0.00121199 0.00103865 0.000886086 0.000752719 0.000636872 0.000536842 0.000450953 0.000377589 0.000315223 0.000262442 0.000217952 0.000180586 0.000149303 0.000123185 0.000101427 8.33329e-05 6.83009e-05 5.58158e-05 4.54378e-05 3.67928e-05 2.95629e-05 2.34777e-05 1.83064e-05 1.38506e-05 9.93788e-06 6.41565e-06 3.14588e-06 0  
0 3.7324e-06 7.6118e-06 1.17907e-05 1.6433e-05 2.17194e-05 2.78549e-05 3.50746e-05 4.36523e-05 5.39089e-05 6.62215e-05 8.10339e-05 9.88679e-05 0.000120335 0.000146148 0.000177134 0.000214246 0.000258575 0.000311355 0.00037397 0.000447954 0.000534985 0.000636872 0.000755531 0.000892953 0.00105115 0.00123212 0.00143773 0.00166967 0.00192935 0.00221778 0.00253546 0.00288227 0.00325738 0.0036591 0.00408489 0.00453122 0.0049936 0.0054666 0.00594388 0.00641834 0.00688224 0.00732745 0.00774559 0.00812839 0.00846791 0.00875683 0.00898873 0.00915834 0.00926172 0.00929646 0.00926172 0.00915834 0.00898873 0.00875683 0.00846791 0.00812839 0.00774559 0.00732745 0.00688224 0.00641834 0.00594388 0.0054666 0.0049936 0.00453122 0.00408489 0.0036591 0.00325738 0.00288227 0.00253546 0.00221778 0.00192935 0.00166967 0.00143773 0.00123212 0.00105115 0.000892953 0.000755531 0.000636872 0.000534985 0.000447954 0.00037397 0.000311355 0.000258575 0.000214246 0.000177134 0.000146148 0.000120335 9.88679e-05 8.10339e-05 6.62215e-05 5.39089e-05 4.36523e-05 3.50746e-05 2.78549e-05 2.17194e-05 1.6433e-05 1.17907e-05 7.6118e-06 3.7324e-06 0  
0 4.41178e-06 8.9973e-06 1.39369e-05 1.9424e-05 2.56728e-05 3.29249e-05 4.14586e-05 5.15975e-05 6.37208e-05 7.82742e-05 9.57822e-05 0.000116861 0.000142234 0.000172744 0.000209368 0.000253232 0.000305626 0.000368006 0.000442009 0.000529448 0.000632306 0.000752719 0.000892953 0.00105536 0.00124231 0.00145617 0.00169915 0.00197324 0.0022801 0.00262093 0.00299632 0.00340612 0.00384935 0.00432403 0.00482714 0.00535451 0.00590083 0.00645969 0.00702361 0.00758418 0.00813229 0.00865829 0.00915232 0.00960459 0.0100057 0.0103471 0.010621 0.0108214 0.0109436 0.0109846 0.0109436 0.0108214 0.010621 0.0103471 0.0100057 0.00960459 0.00915232 0.00865829 0.00813229 0.00758418 0.00702361 0.00645969 0.00590083 0.00535451 0.00482714 0.00432403 0.00384935 0.00340612 0.00299632 0.00262093 0.0022801 0.00197324 0.00169915 0.00145617 0.00124231 0.00105536 0.000892953 0.000752719 0.000632306 0.000529448 0.000442009 0.000368006 0.000305626 0.000253232 0.000209368 0.000172744 0.000142234 0.000116861 9.57822e-05 7.82742e-05 6.37208e-05 5.15975e-05 4.14586e-05 3.29249e-05 2.56728e-05 1.9424e-05 1.39369e-05 8.9973e-06 4.41178e-06 0  
0 5.194e-06 1.05925e-05 1.64079e-05 2.28679e-05 3.02245e-05 3.87624e-05 4.88091e-05 6.07455e-05 7.50179e-05 9.21512e-05 0.000112763 0.000137578 0.000167449 0.000203365 0.00024648 0.000298118 0.000359795 0.000433228 0.000520341 0.00062327 0.000744346 0.000886086 0.00105115 0.00124231 0.00146237 0.00171409 0.00200007 0.00232267 0.00268385 0.00308498 0.00352679 0.00400909 0.00453072 0.00508936 0.00568144 0.00630206 0.00694499 0.00760266 0.00826627 0.00892594 0.00957093 0.0101899 0.0107712 0.0113034 0.0117755 0.0121771 0.0124995 0.0127353 0.012879 0.0129273 0.012879 0.0127353 0.0124995 0.0121771 0.0117755 0.0113034 0.0107712 0.0101899 0.00957093 0.00892594 0.00826627 0.00760266 0.00694499 0.00630206 0.00568144 0.00508936 0.00453072 0.00400909 0.00352679 0.00308498 0.00268385 0.00232267 0.00200007 0.00171409 0.00146237 0.00124231 0.00105115 0.000886086 0.000744346 0.00062327 0.000520341 0.000433228 0.000359795 0.000298118 0.00024648 0.000203365 0.000167449 0.000137578 0.000112763 9.21512e-05 7.50179e-05 6.07455e-05 4.88091e-05 3.87624e-05 3.02245e-05 2.28679e-05 1.64079e-05 1.05925e-05 5.194e-06 0  
0 6.08891e-06 1.24176e-05 1.92349e-05 2.6808e-05 3.54321e-05 4.54409e-05 5.72185e-05 7.12113e-05 8.79425e-05 0.000108027 0.000132189 0.000161279 0.000196294 0.000238397 0.000288937 0.000349466 0.000421763 0.000507839 0.00060995 0.000730597 0.000872513 0.00103865 0.00123212 0.00145617 0.00171409 0.0020091 0.00234427 0.00272236 0.00314563 0.00361574 0.0041335 0.00469871 0.00530999 0.00596464 0.00665846 0.00738572 0.0081391 0.00890975 0.00968735 0.0104603 0.0112161 0.0119414 0.0126225 0.0132461 0.0137992 0.0142698 0.0146476 0.0149239 0.0150923 0.0151488 0.0150923 0.0149239 0.0146476 0.0142698 0.0137992 0.0132461 0.0126225 0.0119414 0.0112161 0.0104603 0.00968735 0.00890975 0.0081391 0.00738572 0.00665846 0.00596464 0.00530999 0.00469871 0.0041335 0.00361574 0.00314563 0.00272236 0.00234427 0.0020091 0.00171409 0.00145617 0.00123212 0.00103865 0.000872513 0.000730597 0.00060995 0.000507839 0.000421763 0.000349466 0.000288937 0.000238397 0.000196294 0.000161279 0.000132189 0.000108027 8.79425e-05 7.12113e-05 5.72185e-05 4.54409e-05 3.54321e-05 2.6808e-05 1.92349e-05 1.24176e-05 6.08891e-06 0  
0 7.10586e-06 1.44916e-05 2.24475e-05 3.12854e-05 4.13497e-05 5.30301e-05 6.67745e-05 8.31041e-05 0.000102629 0.000126068 0.000154264 0.000188212 0.000229073 0.000278204 0.00033718 0.000407814 0.000492177 0.000592619 0.000711769 0.000852545 0.00101814 0.00121199 0.00143773 0.00169915 0.00200007 0.00234427 0.00273533 0.00317643 0.00367026 0.00421871 0.00482273 0.00548211 0.00619523 0.00695892 0.0077683 0.00861667 0.00949551 0.0103945 0.0113015 0.0122032 0.0130848 0.0139307 0.0147253 0.0154527 0.0160978 0.0166467 0.0170873 0.0174096 0.017606 0.017672 0.017606 0.0174096 0.0170873 0.0166467 0.0160978 0.0154527 0.0147253 0.0139307 0.0130848 0.0122032 0.0113015 0.0103945 0.00949551 0.00861667 0.0077683 0.00695892 0.00619523 0.00548211 0.00482273 0.00421871 0.00367026 0.00317643 0.00273533 0.00234427 0.00200007 0.00169915 0.00143773 0.00121199 0.00101814 0.000852545 0.000711769 0.000592619 0.000492177 0.000407814 0.00033718 0.000278204 0.000229073 0.000188212 0.000154264 0.000126068 0.000102629 8.31041e-05 6.67745e-05 5.30301e-05 4.13497e-05 3.12854e-05 2.24475e-05 1.44916e-05 7.10586e-06 0  
0 8.25325e-06 1.68315e-05 2.60721e-05 3.6337e-05 4.80263e-05 6.15927e-05 7.75562e-05 9.65222e-05 0.0001192 0.000146422 0.00017917 0.000218597 0.000266054 0.000323115 0.000391609 0.000473641 0.000571617 0.000688263 0.000826636 0.00099012 0.00118242 0.00140753 0.00166967 0.00197324 0.00232267 0.00272236 0.00317643 0.00368862 0.00426201 0.00489881 0.00560014 0.00636571 0.00719367 0.00808033 0.00902002 0.010005 0.0110253 0.0120689 0.0131219 0.0141687 0.0151921 0.0161742 0.0170966 0.017941 0.0186899 0.0193271 0.0198386 0.0202127 0.0204407 0.0205173 0.0204407 0.0202127 0.0198386 0.0193271 0.0186899 0.017941 0.0170966 0.0161742 0.0151921 0.0141687 0.0131219 0.0120689 0.0110253 0.010005 0.00902002 0.00808033 0.00719367 0.00636571 0.00560014 0.00489881 0.00426201 0.00368862 0.00317643 0.00272236 0.00232267 0.00197324 0.00166967 0.00140753 0.00118242 0.00099012 0.000826636 0.000688263 0.000571617 0.000473641 0.000391609 0.000323115 0.000266054 0.000218597 0.00017917 0.000146422 0.0001192 9.65222e-05 7.75562e-05 6.15927e-05 4.80263e-05 3.6337e-05 2.60721e-05 1.68315e-05 8.25325e-06 0  
0 9.53805e-06 1.94517e-05 3.01307e-05 4.19935e-05 5.55026e-05 7.11807e-05 8.9629e-05 0.000111547 0.000137754 0.000169213 0.000207059 0.000252621 0.000307462 0.000373402 0.000452553 0.000547347 0.000660564 0.000795354 0.000955247 0.00114415 0.00136636 0.00162646 0.00192935 0.0022801 0.00268385 0.00314563 0.00367026 0.00426201 0.00492446 0.00566016 0.00647038 0.00735482 0.00831131 0.0093356 0.0104211 0.0115589 0.0127375 0.0139431 0.0151595 0.0163686 0.0175508 0.0186852 0.0197507 0.020726 0.021591 0.0223271 0.0229179 0.02335 0.0236133 0.0237018 0.0236133 0.02335 0.0229179 0.0223271 0.021591 0.020726 0.0197507 0.0186852 0.0175508 0.0163686 0.0151595 0.0139431 0.0127375 0.0115589 0.0104211 0.0093356 0.00831131 0.00735482 0.00647038 0.00566016 0.00492446 0.00426201 0.00367026 0.00314563 0.00268385 0.0022801 0.00192935 0.00162646 0.00136636 0.00114415 0.000955247 0.000795354 0.000660564 0.000547347 0.000452553 0.000373402 0.000307462 0.000252621 0.000207059 0.000169213 0.000137754 0.000111547 8.9629e-05 7.11807e-05 5.55026e-05 4.19935e-05 3.01307e-05 1.94517e-05 9.53805e-06 0  
0 1.09653e-05 2.23624e-05 3.46394e-05 4.82773e-05 6.38077e-05 8.18316e-05 0.00010304 0.000128238 0.000158366 0.000194531 0.000238038 0.000290416 0.00035346 0.000429263 0.000520251 0.00062922 0.000759366 0.000914308 0.0010981 0.00131525 0.00157066 0.00186963 0.00221778 0.00262093 0.00308498 0.00361574 0.00421871 0.00489881 0.00566016 0.00650568 0.00743683 0.00845325 0.00955246 0.0107296 0.011977 0.0132845 0.0146389 0.0160242 0.017422 0.0188114 0.0201698 0.0214734 0.0226976 0.0238183 0.0248122 0.025658 0.0263369 0.0268333 0.027136 0.0272376 0.027136 0.0268333 0.0263369 0.025658 0.0248122 0.0238183 0.0226976 0.0214734 0.0201698 0.0188114 0.017422 0.0160242 0.0146389 0.0132845 0.011977 0.0107296 0.00955246 0.00845325 0.00743683 0.00650568 0.00566016 0.00489881 0.00421871 0.00361574 0.00308498 0.00262093 0.00221778 0.00186963 0.00157066 0.00131525 0.0010981 0.000914308 0.000759366 0.00062922 0.000520251 0.000429263 0.00035346 0.000290416 0.000238038 0.000194531 0.000158366 0.000128238 0.00010304 8.18316e-05 6.38077e-05 4.82773e-05 3.46394e-05 2.23624e-05 1.09653e-05 0  
0 1.25375e-05 2.55688e-05 3.9606e-05 5.51993e-05 7.29564e-05 9.35645e-05 0.000117814 0.000146624 0.000181071 0.000222421 0.000272164 0.000332049 0.000404129 0.000490795 0.000594821 0.000719404 0.000868196 0.00104533 0.00125546 0.0015037 0.00179569 0.00213747 0.00253546 0.00299632 0.00352679 0.0041335 0.00482273 0.00560014 0.00647038 0.00743683 0.00850113 0.00966288 0.0109192 0.0122646 0.0136903 0.0151847 0.0167326 0.0183159 0.0199133 0.0215012 0.0230536 0.0245433 0.0259424 0.0272231 0.028359 0.0293255 0.0301013 0.0306687 0.0310145 0.0311307 0.0310145 0.0306687 0.0301013 0.0293255 0.028359 0.0272231 0.0259424 0.0245433 0.0230536 0.0215012 0.0199133 0.0183159 0.0167326 0.0151847 0.0136903 0.0122646 0.0109192 0.00966288 0.00850113 0.00743683 0.00647038 0.00560014 0.00482273 0.0041335 0.00352679 0.00299632 0.00253546 0.00213747 0.00179569 0.0015037 0.00125546 0.00104533 0.000868196 0.000719404 0.000594821 0.000490795 0.000404129 0.000332049 0.000272164 0.000222421 0.000181071 0.000146624 0.000117814 9.35645e-05 7.29564e-05 5.51993e-05 3.9606e-05 2.55688e-05 1.25375e-05 0  
0 1.42542e-05 2.90697e-05 4.50289e-05 6.27572e-05 8.29455e-05 0.000106375 0.000133944 0.000166698 0.000205861 0.000252872 0.000309423 0.000377506 0.000459451 0.000557977 0.000676239 0.000817868 0.000987017 0.00118839 0.00142725 0.00170945 0.00204136 0.00242987 0.00288227 0.00340612 0.00400909 0.00469871 0.00548211 0.00636571 0.00735482 0.00845325 0.00966288 0.0109832 0.0124111 0.0139401 0.0155604 0.0172586 0.0190177 0.020817 0.0226324 0.0244368 0.0262009 0.0278938 0.0294837 0.030939 0.0322297 0.0333281 0.0342096 0.0348543 0.0352473 0.0353793 0.0352473 0.0348543 0.0342096 0.0333281 0.0322297 0.030939 0.0294837 0.0278938 0.0262009 0.0244368 0.0226324 0.020817 0.0190177 0.0172586 0.0155604 0.0139401 0.0124111 0.0109832 0.00966288 0.00845325 0.00735482 0.00636571 0.00548211 0.00469871 0.00400909 0.00340612 0.00288227 0.00242987 0.00204136 0.00170945 0.00142725 0.00118839 0.000987017 0.000817868 0.000676239 0.000557977 0.000459451 0.000377506 0.000309423 0.000252872 0.000205861 0.000166698 0.000133944 0.000106375 8.29455e-05 6.27572e-05 4.50289e-05 2.90697e-05 1.42542e-05 0  
0 1.61112e-05 3.28568e-05 5.08951e-05 7.09329e-05 9.37511e-05 0.000120233 0.000151393 0.000188414 0.000232678 0.000285811 0.000349728 0.000426677 0.000519293 0.000630648 0.000764306 0.000924373 0.00111554 0.00134312 0.00161307 0.00193198 0.00230708 0.00274613 0.00325738 0.00384935 0.00453072 0.00530999 0.00619523 0.00719367 0.00831131 0.00955246 0.0109192 0.0124111 0.0140244 0.0157519 0.0175826 0.0195013 0.0214887 0.0235215 0.0255725 0.027611 0.0296041 0.0315166 0.0333127 0.0349568 0.036415 0.0376558 0.0386516 0.0393799 0.0398239 0.039973 0.0398239 0.0393799 0.0386516 0.0376558 0.036415 0.0349568 0.0333127 0.0315166 0.0296041 0.027611 0.0255725 0.0235215 0.0214887 0.0195013 0.0175826 0.0157519 0.0140244 0.0124111 0.0109192 0.00955246 0.00831131 0.00719367 0.00619523 0.00530999 0.00453072 0.00384935 0.00325738 0.00274613 0.00230708 0.00193198 0.00161307 0.00134312 0.00111554 0.000924373 0.000764306 0.000630648 0.000519293 0.000426677 0.000349728 0.000285811 0.000232678 0.000188414 0.000151393 0.000120233 9.37511e-05 7.09329e-05 5.08951e-05 3.28568e-05 1.61112e-05 0  
0 1.81003e-05 3.69132e-05 5.71785e-05 7.96901e-05 0.000105325 0.000135076 0.000170083 0.000211674 0.000261401 0.000321093 0.000392899 0.000479344 0.000583389 0.000708485 0.000858634 0.00103845 0.0012532 0.00150885 0.00181209 0.00217033 0.00259167 0.00308485 0.0036591 0.00432403 0.00508936 0.00596464 0.00695892 0.00808033 0.0093356 0.0107296 0.0122646 0.0139401 0.0157519 0.017692 0.0197479 0.0219026 0.0241345 0.0264173 0.0287205 0.0310097 0.0332478 0.0353954 0.0374123 0.0392586 0.0408959 0.0422892 0.0434075 0.0442253 0.0447238 0.0448913 0.0447238 0.0442253 0.0434075 0.0422892 0.0408959 0.0392586 0.0374123 0.0353954 0.0332478 0.0310097 0.0287205 0.0264173 0.0241345 0.0219026 0.0197479 0.017692 0.0157519 0.0139401 0.0122646 0.0107296 0.0093356 0.00808033 0.00695892 0.00596464 0.00508936 0.00432403 0.0036591 0.00308485 0.00259167 0.00217033 0.00181209 0.00150885 0.0012532 0.00103845 0.000858634 0.000708485 0.000583389 0.000479344 0.000392899 0.000321093 0.000261401 0.000211674 0.000170083 0.000135076 0.000105325 7.96901e-05 5.71785e-05 3.69132e-05 1.81003e-05 0  
